"TOA5","29036","CR800","29036","CR800.Std.27","CPU:Geophys1_GPSProbe.CR8","43006","OperatorView"
"TIMESTAMP","RECORD","Counter","DepthCm","BattVolts","latitude_a","latitude_b","Longitude_a","Longitude_b","fix_quality","nmbr_satellites","HDOP","altitudeB","DepthVolts","LatitudeDDDDD","LongitudeDDDDD","month","dayofmonth","hourofday","minutes","seconds","microseconds"
"TS","RN","","","","degrees","minutes","degrees","minutes","unitless","","","","","","","","","","","",""
"","","Smp","Smp","Smp","Smp","Smp","Smp","Smp","Smp","Smp","Smp","Smp","Smp","Smp","Smp","Smp","Smp","Smp","Smp","Smp","Smp"
"2017-04-12 16:26:38.75",3812,100001,0.17,12.83,68,38.1422,-149,-8.6672,1,11,0.8,824,0.01,0.6357033,-0.1444533,4,12,16,26,38,750000
"2017-04-12 16:26:39.5",3813,99001,-0.06,12.8,68,38.1534,-149,-8.737001,2,11,0.8,857.3,-0.00,0.63589,-0.1456167,4,12,16,26,39,500000
"2017-04-12 16:26:40.25",3814,99002,0,12.8,68,38.1534,-149,-8.737001,2,11,0.8,857.3,0,0.63589,-0.1456167,4,12,16,26,40,250000
"2017-04-12 16:26:40.75",3815,99003,0,12.8,68,38.1534,-149,-8.737001,2,11,0.8,857.3,0,0.63589,-0.1456167,4,12,16,26,40,750000
"2017-04-12 16:26:41.5",3816,99004,119.9,12.8,68,38.1534,-149,-8.737001,2,11,0.8,857.3,7.829,0.63589,-0.1456167,4,12,16,26,41,500000
"2017-04-12 16:26:41.75",3817,99005,120,12.8,68,38.1534,-149,-8.737001,2,11,0.8,857.3,7.833,0.63589,-0.1456167,4,12,16,26,41,750000
"2017-04-12 16:26:42.25",3818,99006,119.9,12.8,68,38.1534,-149,-8.737001,2,11,0.8,857.3,7.829,0.63589,-0.1456167,4,12,16,26,42,250000
"2017-04-12 16:26:42.75",3819,99007,120,12.8,68,38.1534,-149,-8.737001,2,11,0.8,857.3,7.833,0.63589,-0.1456167,4,12,16,26,42,750000
"2017-04-12 16:26:43.25",3820,99008,-0.06,12.8,68,38.1534,-149,-8.737001,2,11,0.8,857.3,-0.00,0.63589,-0.1456167,4,12,16,26,43,250000
"2017-04-12 16:26:45.25",3821,99009,-0.06,12.8,68,38.1534,-149,-8.737001,2,11,0.8,857.3,-0.00,0.63589,-0.1456167,4,12,16,26,45,250000
"2017-04-12 16:26:46.75",3822,99010,0,12.8,68,38.1534,-149,-8.737001,2,11,0.8,857.3,0,0.63589,-0.1456167,4,12,16,26,46,750000
"2017-04-12 16:26:47.5",3823,99011,119.9,12.79,68,38.1534,-149,-8.737001,2,11,0.8,857.3,7.825,0.63589,-0.1456167,4,12,16,26,47,500000
"2017-04-12 16:26:48.25",3824,99012,-0.11,12.79,68,38.1534,-149,-8.737001,2,11,0.8,857.3,-0.01,0.63589,-0.1456167,4,12,16,26,48,250000
"2017-04-12 16:26:49",3825,121001,11.82,12.8,68,38.1533,-149,-8.7369,2,11,0.8,857.5,0.77,0.6358883,-0.145615,4,12,16,26,49,0
"2017-04-12 16:26:49.75",3826,121002,15.49,12.79,68,38.1516,-149,-8.7361,2,11,0.8,856.3,1.011,0.63586,-0.1456017,4,12,16,26,49,750000
"2017-04-12 16:26:50.25",3827,121003,16.93,12.79,68,38.1515,-149,-8.7359,2,11,0.8,856.8,1.105,0.6358584,-0.1455983,4,12,16,26,50,250000
"2017-04-12 16:26:50.75",3828,121004,16.37,12.79,68,38.1512,-149,-8.735601,2,10,0.8,856.9,1.069,0.6358534,-0.1455934,4,12,16,26,50,750000
"2017-04-12 16:26:51.25",3829,121005,14.99,12.79,68,38.1508,-149,-8.7353,2,11,0.8,857,0.98,0.6358467,-0.1455883,4,12,16,26,51,250000
"2017-04-12 16:26:52.25",3830,121006,10.88,12.79,68,38.1499,-149,-8.7352,2,11,0.8,857.3,0.71,0.6358316,-0.1455867,4,12,16,26,52,250000
"2017-04-12 16:26:53",3831,121007,12.99,12.79,68,38.1496,-149,-8.7359,2,11,0.8,857.7,0.85,0.6358267,-0.1455983,4,12,16,26,53,0
"2017-04-12 16:26:53.5",3832,121008,16.21,12.79,68,38.1485,-149,-8.734901,2,10,0.8,857.1,1.058,0.6358083,-0.1455817,4,12,16,26,53,500000
"2017-04-12 16:26:54.25",3833,121009,15.65,12.79,68,38.1475,-149,-8.7343,2,11,0.8,857.1,1.022,0.6357916,-0.1455717,4,12,16,26,54,250000
"2017-04-12 16:26:55",3834,121010,19.31,12.79,68,38.1471,-149,-8.7345,2,11,0.8,857,1.261,0.635785,-0.145575,4,12,16,26,55,0
"2017-04-12 16:26:56.25",3835,121011,22.15,12.78,68,38.1463,-149,-8.735,2,11,0.8,857.1,1.446,0.6357717,-0.1455833,4,12,16,26,56,250000
"2017-04-12 16:26:57",3836,121012,29.86,12.79,68,38.1453,-149,-8.7348,2,11,0.8,856.8,1.949,0.635755,-0.14558,4,12,16,26,57,0
"2017-04-12 16:26:58",3837,121013,36.91,12.79,68,38.1443,-149,-8.7345,2,11,0.8,857.5,2.409,0.6357383,-0.145575,4,12,16,26,58,0
"2017-04-12 16:26:58.75",3838,121014,47.51,12.78,68,38.1437,-149,-8.7345,2,11,0.8,858,3.101,0.6357283,-0.145575,4,12,16,26,58,750000
"2017-04-12 16:26:59.5",3839,121015,54.89,12.78,68,38.143,-149,-8.7345,2,11,0.8,857.7,3.583,0.6357167,-0.145575,4,12,16,26,59,500000
"2017-04-12 16:27:00.25",3840,121016,69.71,12.79,68,38.1424,-149,-8.734199,2,10,0.8,859,4.55,0.6357067,-0.14557,4,12,16,27,0,250000
"2017-04-12 16:27:00.75",3841,121017,84.6,12.79,68,38.1417,-149,-8.7334,2,11,0.8,858.9,5.521,0.635695,-0.1455567,4,12,16,27,0,750000
"2017-04-12 16:27:01.5",3842,121018,94,12.78,68,38.1411,-149,-8.7334,2,11,0.8,859.4,6.133,0.635685,-0.1455567,4,12,16,27,1,500000
"2017-04-12 16:27:02.25",3843,121019,104.5,12.78,68,38.1403,-149,-8.7334,2,11,0.8,859.6,6.818,0.6356717,-0.1455567,4,12,16,27,2,250000
"2017-04-12 16:27:03",3844,121020,116.7,12.77,68,38.1393,-149,-8.7334,2,11,0.8,858.3,7.619,0.635655,-0.1455567,4,12,16,27,3,0
"2017-04-12 16:27:03.75",3845,121021,119.9,12.78,68,38.1381,-149,-8.7336,2,11,0.8,858.1,7.829,0.635635,-0.14556,4,12,16,27,3,750000
"2017-04-12 16:27:04.25",3846,121022,119.9,12.78,68,38.1377,-149,-8.7331,2,9,0.9,860.2,7.829,0.6356284,-0.1455517,4,12,16,27,4,250000
"2017-04-12 16:27:05.5",3847,121023,119.9,12.77,68,38.1369,-149,-8.7332,2,11,0.8,859.3,7.826,0.635615,-0.1455533,4,12,16,27,5,500000
"2017-04-12 16:27:06.25",3848,121024,119.9,12.78,68,38.1364,-149,-8.7325,2,11,0.8,859.8,7.826,0.6356066,-0.1455417,4,12,16,27,6,250000
"2017-04-12 16:27:07.5",3849,121025,119.9,12.78,68,38.1356,-149,-8.732,2,11,0.9,860.4,7.829,0.6355934,-0.1455333,4,12,16,27,7.000,500000
"2017-04-12 16:27:08.25",3850,121026,119.8,12.77,68,38.1348,-149,-8.7322,2,10,1.1,861.3,7.822,0.63558,-0.1455367,4,12,16,27,8,250000
"2017-04-12 16:27:09",3851,121027,119.9,12.78,68,38.1342,-149,-8.7333,2,11,0.7,861.2,7.826,0.63557,-0.145555,4,12,16,27,9,0
"2017-04-12 16:27:09.75",3852,121028,119.9,12.77,68,38.1345,-149,-8.7338,2,10,0.9,861.9,7.829,0.635575,-0.1455633,4,12,16,27,9,750000
"2017-04-12 16:27:10.75",3853,121029,119.9,12.76,68,38.1344,-149,-8.7337,2,11,0.9,861.9,7.829,0.6355733,-0.1455617,4,12,16,27,10,750000
"2017-04-12 16:27:11.5",3854,121030,119.8,12.76,68,38.1339,-149,-8.7338,2,11,0.7,862.4,7.818,0.635565,-0.1455633,4,12,16,27,11,500000
"2017-04-12 16:27:12.75",3855,121031,119.9,12.77,68,38.1329,-149,-8.7323,2,11,0.7,864.4,7.826,0.6355484,-0.1455383,4,12,16,27,12,750000
"2017-04-12 16:27:13.5",3856,121032,120,12.77,68,38.1317,-149,-8.7325,2,11,0.7,864.8,7.833,0.6355283,-0.1455417,4,12,16,27,13,500000
"2017-04-12 16:27:14.25",3857,121033,120,12.76,68,38.1309,-149,-8.732,2,10,0.8,865,7.833,0.635515,-0.1455333,4,12,16,27,14,250000
"2017-04-12 16:27:15",3858,121034,119.9,12.76,68,38.13,-149,-8.7308,2,11,0.7,864.5,7.829,0.6355,-0.1455133,4,12,16,27,15,0
"2017-04-12 16:27:16",3859,121035,119.8,12.76,68,38.1297,-149,-8.7312,2,11,0.7,865.1,7.822,0.635495,-0.14552,4,12,16,27,16,0
"2017-04-12 16:27:17",3860,121036,120,12.76,68,38.1287,-149,-8.731,2,11,0.7,865.6,7.833,0.6354783,-0.1455167,4,12,16,27,17,0
"2017-04-12 16:27:17.75",3861,121037,119.9,12.76,68,38.1273,-149,-8.7299,2,11,0.7,866,7.826,0.635455,-0.1454983,4,12,16,27,17,750000
"2017-04-12 16:27:18.5",3862,121038,119.9,12.75,68,38.1267,-149,-8.7306,2,10,0.9,865.8,7.826,0.635445,-0.14551,4,12,16,27,18,500000
"2017-04-12 16:27:19.25",3863,121039,119.9,12.75,68,38.1264,-149,-8.7309,2,11,0.7,866.5,7.829,0.63544,-0.145515,4,12,16,27,19,250000
"2017-04-12 16:27:20",3864,121040,120,12.74,68,38.1248,-149,-8.729999,2,11,0.7,867.1,7.833,0.6354134,-0.1455,4,12,16,27,20,0
"2017-04-12 16:27:20.75",3865,121041,119.9,12.74,68,38.124,-149,-8.729999,2,11,0.7,867.8,7.826,0.6354,-0.1455,4,12,16,27,20,750000
"2017-04-12 16:27:21.5",3866,121042,119.9,12.74,68,38.1229,-149,-8.7287,2,11,0.7,867.7,7.826,0.6353816,-0.1454783,4,12,16,27,21,500000
"2017-04-12 16:27:22.25",3867,121043,119.9,12.74,68,38.1223,-149,-8.7276,2,11,0.7,867.7,7.829,0.6353716,-0.14546,4,12,16,27,22,250000
"2017-04-12 16:27:23",3868,121044,119.9,12.74,68,38.1211,-149,-8.7291,2,11,0.7,868,7.826,0.6353517,-0.145485,4,12,16,27,23,0
"2017-04-12 16:27:23.75",3869,121045,119.9,12.74,68,38.1202,-149,-8.7282,2,10,0.9,869,7.829,0.6353367,-0.14547,4,12,16,27,23,750000
"2017-04-12 16:27:24.5",3870,121046,119.9,12.74,68,38.1193,-149,-8.728,2,11,0.7,869.2,7.826,0.6353217,-0.1454667,4,12,16,27,24,500000
"2017-04-12 16:27:25.25",3871,121047,119.9,12.73,68,38.1184,-149,-8.7294,2,11,0.7,869.6,7.829,0.6353066,-0.14549,4,12,16,27,25,250000
"2017-04-12 16:27:26",3872,121048,119.4,12.74,68,38.1171,-149,-8.7271,2,11,0.7,869.9,7.797,0.635285,-0.1454517,4,12,16,27,26,0
"2017-04-12 16:27:26.75",3873,121049,119.6,12.74,68,38.1163,-149,-8.7264,2,11,0.7,870.1,7.804,0.6352717,-0.14544,4,12,16,27,26,750000
"2017-04-12 16:27:27.5",3874,121050,119.9,12.74,68,38.1152,-149,-8.7268,2,11,0.7,870.3,7.829,0.6352533,-0.1454467,4,12,16,27,27,500000
"2017-04-12 16:27:28.5",3875,121051,113.8,12.73,68,38.1136,-149,-8.7271,2,10,0.8,870.3,7.427,0.6352267,-0.1454517,4,12,16,27,28,500000
"2017-04-12 16:27:29.25",3876,121052,112.4,12.72,68,38.1136,-149,-8.725,2,11,0.7,869.6,7.336,0.6352267,-0.1454167,4,12,16,27,29,250000
"2017-04-12 16:27:30",3877,121053,95.2,12.73,68,38.1125,-149,-8.7253,2,11,0.7,869.4,6.213,0.6352083,-0.1454217,4,12,16,27,30,0
"2017-04-12 16:27:30.5",3878,121054,103.6,12.73,68,38.112,-149,-8.7243,2,11,0.7,869.6,6.764,0.6352,-0.145405,4,12,16,27,30,500000
"2017-04-12 16:27:31.25",3879,121055,96.1,12.73,68,38.1112,-149,-8.7253,2,11,0.7,871,6.275,0.6351866,-0.1454217,4,12,16,27,31,250000
"2017-04-12 16:27:32",3880,121056,95.4,12.72,68,38.1106,-149,-8.7239,2,11,0.7,871.2,6.228,0.6351766,-0.1453983,4,12,16,27,32,0
"2017-04-12 16:27:32.5",3881,121057,84.6,12.73,68,38.1091,-149,-8.7242,2,11,0.7,871.8,5.525,0.6351517,-0.1454033,4,12,16,27,32,500000
"2017-04-12 16:27:33.25",3882,121058,87.8,12.72,68,38.1086,-149,-8.7242,2,11,0.7,872,5.732,0.6351433,-0.1454033,4,12,16,27,33,250000
"2017-04-12 16:27:34",3883,121059,84.4,12.72,68,38.1077,-149,-8.7243,2,11,0.7,872.3,5.507,0.6351283,-0.145405,4,12,16,27,34,0
"2017-04-12 16:27:34.5",3884,121060,73.21,12.72,68,38.1065,-149,-8.7238,2,11,0.7,872.9,4.779,0.6351083,-0.1453967,4,12,16,27,34,500000
"2017-04-12 16:27:35.25",3885,121061,71.32,12.72,68,38.1057,-149,-8.7226,2,11,0.7,873,4.655,0.635095,-0.1453767,4,12,16,27,35,250000
"2017-04-12 16:27:36.25",3886,121062,76.43,12.71,68,38.105,-149,-8.7228,2,10,0.8,872.9,4.989,0.6350833,-0.14538,4,12,16,27,36,250000
"2017-04-12 16:27:37",3887,121063,57.95,12.72,68,38.1044,-149,-8.7222,2,10,0.8,873.4,3.782,0.6350734,-0.14537,4,12,16,27,37,0
"2017-04-12 16:27:37.75",3888,121064,66.38,12.72,68,38.1033,-149,-8.7227,2,10,0.8,874.4,4.333,0.635055,-0.1453783,4,12,16,27,37,750000
"2017-04-12 16:27:38.75",3889,121065,66.6,12.72,68,38.1024,-149,-8.7232,2,10,0.8,874.2,4.348,0.63504,-0.1453867,4,12,16,27,38,750000
"2017-04-12 16:27:39.5",3890,121066,66.1,12.72,68,38.1021,-149,-8.7235,2,10,0.8,874.4,4.315,0.635035,-0.1453917,4,12,16,27,39,500000
"2017-04-12 16:27:40.25",3891,121067,70.32,12.71,68,38.1008,-149,-8.7234,2,10,0.8,874.8,4.59,0.6350134,-0.14539,4,12,16,27,40,250000
"2017-04-12 16:27:41",3892,121068,78.93,12.72,68,38.1,-149,-8.7231,2,10,0.8,875.2,5.152,0.635,-0.145385,4,12,16,27,41,0
"2017-04-12 16:27:41.75",3893,121069,80.4,12.72,68,38.0981,-149,-8.7225,2,10,0.8,875.3,5.246,0.6349684,-0.145375,4,12,16,27,41,750000
"2017-04-12 16:27:42.5",3894,121070,76.76,12.72,68,38.0966,-149,-8.7225,2,10,0.8,874.5,5.011,0.6349433,-0.145375,4,12,16,27,42,500000
"2017-04-12 16:27:43.25",3895,121071,78.43,12.71,68,38.096,-149,-8.7222,2,10,0.8,875.7,5.119,0.6349334,-0.14537,4,12,16,27,43,250000
"2017-04-12 16:27:44",3896,121072,83.4,12.71,68,38.0941,-149,-8.7221,2,10,0.8,876.3,5.445,0.6349017,-0.1453683,4,12,16,27,44,0
"2017-04-12 16:27:45",3897,121073,89.5,12.71,68,38.093,-149,-8.7228,2,10,0.8,876.4,5.84,0.6348833,-0.14538,4,12,16,27,45,0
"2017-04-12 16:27:45.75",3898,121074,95.1,12.72,68,38.0915,-149,-8.7215,2,10,0.8,876.3,6.21,0.6348583,-0.1453583,4,12,16,27,45,750000
"2017-04-12 16:27:46.5",3899,121075,81.8,12.71,68,38.0904,-149,-8.721,2,10,0.8,877,5.337,0.63484,-0.14535,4,12,16,27,46,500000
"2017-04-12 16:27:47.25",3900,121076,78.09,12.72,68,38.0895,-149,-8.7203,2,9,0.8,876.7,5.098,0.634825,-0.1453383,4,12,16,27,47,250000
"2017-04-12 16:27:48",3901,121077,74.04,12.71,68,38.0885,-149,-8.7205,2,10,0.8,877,4.833,0.6348084,-0.1453417,4,12,16,27,48,0
"2017-04-12 16:27:48.5",3902,121078,77.1,12.71,68,38.0874,-149,-8.7205,2,10,0.8,877.4,5.032,0.63479,-0.1453417,4,12,16,27,48,500000
"2017-04-12 16:27:49.25",3903,121079,66.49,12.71,68,38.0865,-149,-8.720101,2,10,0.8,878.3,4.34,0.634775,-0.145335,4,12,16,27,49,250000
"2017-04-12 16:27:50",3904,121080,52.62,12.7,68,38.0858,-149,-8.7197,2,10,0.8,878.2,3.435,0.6347634,-0.1453283,4,12,16,27,50,0
"2017-04-12 16:27:50.75",3905,121081,44.62,12.69,68,38.085,-149,-8.720101,2,10,0.8,878.3,2.913,0.63475,-0.145335,4,12,16,27,50,750000
"2017-04-12 16:27:51.5",3906,121082,39.74,12.7,68,38.0842,-149,-8.7196,2,10,0.8,878.7,2.594,0.6347367,-0.1453267,4,12,16,27,51,500000
"2017-04-12 16:27:52.5",3907,121083,36.19,12.7,68,38.0838,-149,-8.7197,2,10,0.8,878.3,2.362,0.63473,-0.1453283,4,12,16,27,52,500000
"2017-04-12 16:27:53.25",3908,121084,40.63,12.7,68,38.0829,-149,-8.719499,2,10,0.8,879.1,2.652,0.634715,-0.145325,4,12,16,27,53,250000
"2017-04-12 16:27:54.25",3909,121085,39.24,12.69,68,38.0824,-149,-8.719,2,10,0.8,878.6,2.561,0.6347067,-0.1453167,4,12,16,27,54,250000
"2017-04-12 16:27:55",3910,121086,40.91,12.7,68,38.0817,-149,-8.7182,2,10,0.8,878.6,2.67,0.634695,-0.1453033,4,12,16,27,55,0
"2017-04-12 16:27:55.75",3911,121087,48.84,12.7,68,38.0809,-149,-8.718001,2,10,0.8,879.1,3.188,0.6346816,-0.1453,4,12,16,27,55,750000
"2017-04-12 16:27:56.5",3912,121088,52.78,12.7,68,38.0802,-149,-8.7182,2,10,0.8,879.5,3.445,0.63467,-0.1453033,4,12,16,27,56,500000
"2017-04-12 16:27:57.25",3913,121089,63.38,12.7,68,38.0788,-149,-8.7175,2,10,0.8,879.7,4.137,0.6346466,-0.1452917,4,12,16,27,57,250000
"2017-04-12 16:27:58",3914,121090,112.3,12.7,68,38.0777,-149,-8.7185,2,10,0.8,879.8,7.333,0.6346284,-0.1453083,4,12,16,27,58,0
"2017-04-12 16:27:58.75",3915,121091,119.9,12.7,68,38.0766,-149,-8.7185,2,9,0.8,880.5,7.825,0.63461,-0.1453083,4,12,16,27,58,750000
"2017-04-12 16:27:59.75",3916,121092,119.9,12.69,68,38.0763,-149,-8.7183,2,9,0.8,881.3,7.825,0.634605,-0.145305,4,12,16,27,59,750000
"2017-04-12 16:28:00.5",3917,121093,119.9,12.69,68,38.074,-149,-8.7179,2,9,0.8,883.3,7.825,0.6345667,-0.1452983,4,12,16,28,0,500000
"2017-04-12 16:28:01.5",3918,121094,119.9,12.69,68,38.0736,-149,-8.7175,2,9,0.8,882.9,7.825,0.63456,-0.1452917,4,12,16,28,1,500000
"2017-04-12 16:28:02.25",3919,121095,119.9,12.69,68,38.0726,-149,-8.715901,2,9,0.8,883.7,7.825,0.6345434,-0.145265,4,12,16,28,2,250000
"2017-04-12 16:28:03.25",3920,121096,119.8,12.69,68,38.0718,-149,-8.7144,2,9,0.8,883.9,7.822,0.63453,-0.14524,4,12,16,28,3,250000
"2017-04-12 16:28:04",3921,121097,110,12.69,68,38.0705,-149,-8.7137,2,9,0.8,883.9,7.18,0.6345083,-0.1452283,4,12,16,28,4,0
"2017-04-12 16:28:04.75",3922,121098,88.5,12.69,68,38.0694,-149,-8.7139,2,9,0.8,884.3,5.775,0.63449,-0.1452317,4,12,16,28,4,750000
"2017-04-12 16:28:05.5",3923,121099,74.15,12.69,68,38.0684,-149,-8.7136,2,9,0.8,884.3,4.84,0.6344734,-0.1452267,4,12,16,28,5,500000
"2017-04-12 16:28:06.5",3924,121100,42.68,12.69,68,38.0672,-149,-8.7139,2,9,0.8,884,2.786,0.6344534,-0.1452317,4,12,16,28,6,500000
"2017-04-12 16:28:08.25",3925,121101,0.06,12.69,68,38.0672,-149,-8.7132,2,9,0.8,884.2,0.00,0.6344534,-0.14522,4,12,16,28,8,250000
"2017-04-12 16:28:09.25",3926,121102,0,12.68,68,38.066,-149,-8.712401,2,9,0.8,884.3,0,0.6344334,-0.1452067,4,12,16,28,9,250000
"2017-04-12 16:28:10",3927,121103,0,12.68,68,38.0661,-149,-8.7127,2,9,0.8,884.4,0,0.634435,-0.1452117,4,12,16,28,10,0
"2017-04-12 16:28:10.75",3928,121104,-0.06,12.68,68,38.0647,-149,-8.7125,2,9,0.8,884.7,-0.00,0.6344117,-0.1452083,4,12,16,28,10,750000
"2017-04-12 16:28:11.75",3929,121105,0,12.68,68,38.0637,-149,-8.7118,2,9,0.8,883.6,0,0.634395,-0.1451967,4,12,16,28,11,750000
"2017-04-12 16:28:12.75",3930,121106,0,12.69,68,38.0617,-149,-8.7099,2,9,0.8,883.9,0,0.6343616,-0.145165,4,12,16,28,12,750000
"2017-04-12 16:28:13.5",3931,121107,25.7,12.69,68,38.0598,-149,-8.7072,2,9,0.8,883.9,1.677,0.63433,-0.14512,4,12,16,28,13,500000
"2017-04-12 16:28:14.25",3932,121108,19.26,12.69,68,38.0597,-149,-8.7064,2,9,0.8,884.3,1.257,0.6343283,-0.1451067,4,12,16,28,14,250000
"2017-04-12 16:28:15",3933,121109,13.15,12.68,68,38.0588,-149,-8.7062,2,9,0.8,885.3,0.86,0.6343134,-0.1451033,4,12,16,28,15,0
"2017-04-12 16:28:15.75",3934,121110,0.06,12.68,68,38.0574,-149,-8.704701,2,9,0.8,884.8,0.00,0.63429,-0.1450784,4,12,16,28,15,750000
"2017-04-12 16:28:16.5",3935,121111,0.06,12.68,68,38.0568,-149,-8.7045,2,9,0.8,885.3,0.00,0.63428,-0.145075,4,12,16,28,16,500000
"2017-04-12 16:28:17.5",3936,121112,15.65,12.68,68,38.0556,-149,-8.7045,2,9,0.8,885.1,1.022,0.63426,-0.145075,4,12,16,28,17,500000
"2017-04-12 16:28:18.25",3937,121113,16.59,12.68,68,38.0542,-149,-8.7045,2,9,0.8,885.1,1.083,0.6342366,-0.145075,4,12,16,28,18,250000
"2017-04-12 16:28:19.25",3938,121114,0,12.68,68,38.0538,-149,-8.7036,2,9,0.8,884.7,0,0.63423,-0.14506,4,12,16,28,19,250000
"2017-04-12 16:28:20",3939,121115,-0.11,12.69,68,38.0529,-149,-8.703,2,9,0.8,884.6,-0.01,0.634215,-0.14505,4,12,16,28,20,0
"2017-04-12 16:28:20.75",3940,121116,15.48,12.68,68,38.0517,-149,-8.7036,2,9,0.8,884.8,1.011,0.634195,-0.14506,4,12,16,28,20,750000
"2017-04-12 16:28:21.5",3941,121117,13.32,12.68,68,38.0509,-149,-8.7029,2,9,0.8,884.8,0.87,0.6341817,-0.1450483,4,12,16,28,21,500000
"2017-04-12 16:28:22.25",3942,121118,31.14,12.68,68,38.049,-149,-8.7037,2,9,0.8,885.2,2.032,0.63415,-0.1450617,4,12,16,28,22,250000
"2017-04-12 16:28:23",3943,121119,12.04,12.69,68,38.0476,-149,-8.7028,2,9,0.8,885.3,0.79,0.6341267,-0.1450467,4,12,16,28,23,0
"2017-04-12 16:28:23.75",3944,121120,9.44,12.68,68,38.0467,-149,-8.7028,2,9,0.8,885.3,0.62,0.6341116,-0.1450467,4,12,16,28,23,750000
"2017-04-12 16:28:24.75",3945,121121,-0.11,12.68,68,38.0463,-149,-8.702599,2,9,0.8,885.1,-0.01,0.634105,-0.1450433,4,12,16,28,24,750000
"2017-04-12 16:28:25.5",3946,121122,0.06,12.69,68,38.0454,-149,-8.7028,2,9,0.8,885.4,0.00,0.63409,-0.1450467,4,12,16,28,25,500000
"2017-04-12 16:28:26.25",3947,99001,0,12.68,68,38.0435,-149,-8.704001,2,9,0.8,886.3,0,0.6340583,-0.1450667,4,12,16,28,26,250000
"2017-04-12 16:28:26.75",3948,99002,0.06,12.68,68,38.0435,-149,-8.7041,2,9,0.8,886.3,0.00,0.6340583,-0.1450683,4,12,16,28,26,750000
"2017-04-12 16:28:27.5",3949,99003,-0.06,12.68,68,38.0435,-149,-8.7043,2,9,0.8,886.3,-0.00,0.6340583,-0.1450717,4,12,16,28,27,500000
"2017-04-12 16:28:28.25",3950,99004,119.9,12.68,68,38.0436,-149,-8.704701,2,9,0.8,886,7.829,0.63406,-0.1450784,4,12,16,28,28,250000
"2017-04-12 16:28:29.25",3951,99005,120,12.68,68,38.0443,-149,-8.7049,2,9,0.8,886.3,7.832,0.6340716,-0.1450817,4,12,16,28,29,250000
"2017-04-12 16:28:30.5",3952,99006,120,12.68,68,38.0447,-149,-8.7057,2,9,0.8,886.1,7.832,0.6340783,-0.145095,4,12,16,28,30,500000
"2017-04-12 16:28:31.5",3953,99007,0,12.68,68,38.046,-149,-8.705,2,9,0.8,886,0,0.6341,-0.1450833,4,12,16,28,31,500000
"2017-04-12 16:28:32.25",3954,99008,-0.06,12.69,68,38.0464,-149,-8.705,2,9,1,886.2,-0.00,0.6341066,-0.1450833,4,12,16,28,32,250000
"2017-04-12 16:28:33",3955,99009,-0.06,12.69,68,38.047,-149,-8.7046,2,9,0.8,886.1,-0.00,0.6341167,-0.1450767,4,12,16,28,33,0
