"TOA5","29036","CR800","29036","CR800.Std.27","CPU:Geophys1_GPSProbe.CR8","43006","OperatorView"
"TIMESTAMP","RECORD","Counter","DepthCm","BattVolts","latitude_a","latitude_b","Longitude_a","Longitude_b","fix_quality","nmbr_satellites","HDOP","altitudeB","DepthVolts","LatitudeDDDDD","LongitudeDDDDD","month","dayofmonth","hourofday","minutes","seconds","microseconds"
"TS","RN","","","","degrees","minutes","degrees","minutes","unitless","","","","","","","","","","","",""
"","","Smp","Smp","Smp","Smp","Smp","Smp","Smp","Smp","Smp","Smp","Smp","Smp","Smp","Smp","Smp","Smp","Smp","Smp","Smp","Smp"
"2017-04-15 12:51:07.25",5777,100001,52.81,12.74,69,8.5893,-148,-57.1464,1,10,0.8,336.3,3.447,0.143155,-0.95244,4,15,12,51,7.000,250000
"2017-04-15 12:54:50.5",5778,100002,-0.11,12.68,69,8.5912,-148,-57.1363,1,10,0.8,346.1,-0.01,0.1431867,-0.9522717,4,15,12,54,50,500000
"2017-04-15 12:54:51",5779,100003,119.9,12.67,69,8.5911,-148,-57.1363,1,10,0.9,346.1,7.827,0.143185,-0.9522717,4,15,12,54,51,0
"2017-04-15 12:54:51.5",5780,100004,-0.11,12.67,69,8.5913,-148,-57.1363,1,10,0.9,346.1,-0.01,0.1431883,-0.9522717,4,15,12,54,51,500000
"2017-04-15 12:54:52",5781,100005,119.7,12.68,69,8.5913,-148,-57.1363,1,10,0.8,346.1,7.816,0.1431883,-0.9522717,4,15,12,54,52,0
"2017-04-15 12:54:52.5",5782,100006,-0.11,12.67,69,8.5913,-148,-57.1362,1,10,0.9,346.1,-0.01,0.1431883,-0.95227,4,15,12,54,52,500000
"2017-04-15 12:54:53",5783,100007,119.7,12.68,69,8.5913,-148,-57.1362,1,10,0.9,346.1,7.816,0.1431883,-0.95227,4,15,12,54,53,0
"2017-04-15 12:54:53.75",5784,100008,34.75,12.65,69,8.5891,-148,-57.1333,2,10,0.8,344,2.268,0.1431517,-0.9522217,4,15,12,54,53,750000
"2017-04-15 12:54:54.25",5785,100009,47.48,12.65,69,8.589,-148,-57.134,2,10,0.8,344.2,3.099,0.14315,-0.9522333,4,15,12,54,54,250000
"2017-04-15 12:54:54.75",5786,100010,57.37,12.65,69,8.5879,-148,-57.1329,2,10,0.8,344.3,3.745,0.1431317,-0.952215,4,15,12,54,54,750000
"2017-04-15 12:54:55",5787,100011,51.48,12.65,69,8.5875,-148,-57.1319,2,10,0.8,344.9,3.36,0.143125,-0.9521983,4,15,12,54,55,0
"2017-04-15 12:54:55.5",5788,100012,64.65,12.66,69,8.586701,-148,-57.131,2,10,0.8,344.7,4.22,0.1431117,-0.9521834,4,15,12,54,55,500000
"2017-04-15 12:54:56",5789,100013,67.21,12.65,69,8.5861,-148,-57.1312,2,10,0.8,345,4.387,0.1431017,-0.9521866,4,15,12,54,56,0
"2017-04-15 12:54:56.5",5790,100014,60.48,12.65,69,8.5857,-148,-57.1313,2,10,0.8,345.9,3.948,0.143095,-0.9521884,4,15,12,54,56,500000
"2017-04-15 12:54:57",5791,100015,64.15,12.65,69,8.5851,-148,-57.1299,2,10,0.8,345.5,4.188,0.143085,-0.952165,4,15,12,54,57,0
"2017-04-15 12:54:57.5",5792,100016,65.77,12.65,69,8.5845,-148,-57.1295,2,10,0.8,345.9,4.293,0.143075,-0.9521583,4,15,12,54,57,500000
"2017-04-15 12:54:58",5793,100017,58.48,12.65,69,8.5836,-148,-57.1296,2,10,0.8,345.8,3.817,0.14306,-0.95216,4,15,12,54,58,0
"2017-04-15 12:54:58.25",5794,100018,54.59,12.65,69,8.5831,-148,-57.1298,2,10,0.8,345.5,3.563,0.1430517,-0.9521634,4,15,12,54,58,250000
"2017-04-15 12:54:58.75",5795,100019,58.04,12.65,69,8.5826,-148,-57.13,2,10,0.8,346.2,3.788,0.1430433,-0.9521666,4,15,12,54,58,750000
"2017-04-15 12:54:59.25",5796,100020,55.04,12.65,69,8.5819,-148,-57.1301,2,10,0.8,345.3,3.592,0.1430317,-0.9521683,4,15,12,54,59,250000
"2017-04-15 12:54:59.5",5797,100021,53.42,12.65,69,8.5809,-148,-57.1299,2,10,0.8,345.5,3.487,0.143015,-0.952165,4,15,12,54,59,500000
"2017-04-15 12:55:00.25",5798,100022,61.43,12.64,69,8.5802,-148,-57.1307,2,10,0.8,346,4.01,0.1430033,-0.9521783,4,15,12,55,0,250000
"2017-04-15 12:55:00.75",5799,100023,59.76,12.65,69,8.5798,-148,-57.1301,2,10,0.8,346.4,3.901,0.1429967,-0.9521683,4,15,12,55,0,750000
"2017-04-15 12:55:01.25",5800,100024,52.03,12.65,69,8.5793,-148,-57.1306,2,10,0.8,346.4,3.397,0.1429883,-0.9521767,4,15,12,55,1,250000
"2017-04-15 12:55:01.75",5801,100025,45.98,12.65,69,8.5787,-148,-57.1305,2,10,0.8,345.3,3.001,0.1429783,-0.952175,4,15,12,55,1,750000
"2017-04-15 12:55:02.25",5802,100026,57.93,12.65,69,8.5781,-148,-57.1308,2,10,0.8,345.8,3.781,0.1429683,-0.95218,4,15,12,55,2,250000
"2017-04-15 12:55:02.75",5803,100027,42.36,12.64,69,8.5777,-148,-57.1297,2,10,0.8,345.9,2.765,0.1429617,-0.9521617,4,15,12,55,2,750000
"2017-04-15 12:55:03.25",5804,100028,45.47,12.65,69,8.577,-148,-57.1295,2,10,0.8,345.5,2.968,0.14295,-0.9521583,4,15,12,55,3,250000
"2017-04-15 12:55:04",5805,100029,53.31,12.65,69,8.5764,-148,-57.1291,2,10,0.8,345.9,3.48,0.14294,-0.9521517,4,15,12,55,4,0
"2017-04-15 12:55:04.5",5806,100030,61.26,12.64,69,8.5757,-148,-57.1285,2,10,0.8,345.4,3.999,0.1429283,-0.9521417,4,15,12,55,4,500000
"2017-04-15 12:55:04.75",5807,100031,64.71,12.64,69,8.5742,-148,-57.1288,2,10,0.8,345.9,4.224,0.1429033,-0.9521466,4,15,12,55,4,750000
"2017-04-15 12:55:05.25",5808,100032,47.81,12.64,69,8.5737,-148,-57.1288,2,10,0.8,345.8,3.121,0.142895,-0.9521466,4,15,12,55,5,250000
"2017-04-15 12:55:05.75",5809,100033,67.88,12.64,69,8.572699,-148,-57.1293,2,10,0.8,344.7,4.431,0.1428783,-0.952155,4,15,12,55,5,750000
"2017-04-15 12:55:06.25",5810,100034,62.04,12.64,69,8.5726,-148,-57.1292,2,10,0.8,345.4,4.05,0.1428767,-0.9521534,4,15,12,55,6,250000
"2017-04-15 12:55:07",5811,100035,54.15,12.63,69,8.571999,-148,-57.1283,2,10,0.8,345.8,3.534,0.1428667,-0.9521383,4,15,12,55,7.000,0
"2017-04-15 12:55:07.5",5812,100036,57.82,12.64,69,8.5715,-148,-57.1276,2,10,0.8,345.5,3.774,0.1428583,-0.9521267,4,15,12,55,7.000,500000
"2017-04-15 12:55:07.75",5813,100037,65.6,12.64,69,8.5704,-148,-57.1284,2,10,0.8,345.2,4.282,0.14284,-0.95214,4,15,12,55,7.000,750000
"2017-04-15 12:55:08.5",5814,100038,63.88,12.64,69,8.569899,-148,-57.1281,2,10,0.8,344.9,4.169,0.1428317,-0.952135,4,15,12,55,8,500000
"2017-04-15 12:55:09.25",5815,100039,60.32,12.64,69,8.5697,-148,-57.1278,2,10,0.8,345.2,3.937,0.1428283,-0.95213,4,15,12,55,9,250000
"2017-04-15 12:55:10",5816,100040,58.65,12.64,69,8.5691,-148,-57.1277,2,10,0.8,345.4,3.828,0.1428184,-0.9521283,4,15,12,55,10,0
"2017-04-15 12:55:10.5",5817,100041,58.93,12.63,69,8.5683,-148,-57.1277,2,10,0.8,344.8,3.846,0.142805,-0.9521283,4,15,12,55,10,500000
"2017-04-15 12:55:11.25",5818,100042,57.15,12.63,69,8.5676,-148,-57.1273,2,10,0.8,345.1,3.73,0.1427933,-0.9521217,4,15,12,55,11,250000
"2017-04-15 12:55:12",5819,100043,58.82,12.63,69,8.5669,-148,-57.1272,2,10,0.8,345.2,3.839,0.1427817,-0.95212,4,15,12,55,12,0
"2017-04-15 12:55:12.75",5820,100044,69.27,12.64,69,8.5662,-148,-57.1273,2,10,0.8,345.2,4.521,0.14277,-0.9521217,4,15,12,55,12,750000
"2017-04-15 12:55:13.5",5821,100045,64.54,12.64,69,8.565699,-148,-57.1274,2,10,0.8,344.6,4.213,0.1427617,-0.9521234,4,15,12,55,13,500000
"2017-04-15 12:55:14",5822,100046,71.88,12.63,69,8.5648,-148,-57.1264,2,10,0.8,345,4.692,0.1427467,-0.9521066,4,15,12,55,14,0
"2017-04-15 12:55:14.5",5823,100047,86.8,12.63,69,8.563501,-148,-57.1272,2,10,0.8,345.2,5.668,0.142725,-0.95212,4,15,12,55,14,500000
"2017-04-15 12:55:14.75",5824,100048,95.1,12.63,69,8.5631,-148,-57.1268,2,10,0.8,344.5,6.205,0.1427183,-0.9521134,4,15,12,55,14,750000
"2017-04-15 12:55:15",5825,100049,102.5,12.63,69,8.5624,-148,-57.125,2,10,0.8,344.1,6.688,0.1427067,-0.9520834,4,15,12,55,15,0
"2017-04-15 12:55:15.25",5826,100050,119.8,12.62,69,8.5624,-148,-57.1255,2,8,1,345.5,7.82,0.1427067,-0.9520916,4,15,12,55,15,250000
"2017-04-15 12:55:15.75",5827,100051,119.8,12.62,69,8.562199,-148,-57.1248,2,10,0.8,345,7.82,0.1427033,-0.95208,4,15,12,55,15,750000
"2017-04-15 12:55:16.25",5828,100052,119.9,12.61,69,8.5613,-148,-57.1251,2,8,1,344.6,7.824,0.1426883,-0.952085,4,15,12,55,16,250000
"2017-04-15 12:55:16.75",5829,100053,119.9,12.6,69,8.5606,-148,-57.1246,2,10,0.8,344.2,7.823,0.1426767,-0.9520766,4,15,12,55,16,750000
"2017-04-15 12:55:17.25",5830,100054,119.8,12.6,69,8.560799,-148,-57.1272,2,10,0.8,347,7.82,0.14268,-0.95212,4,15,12,55,17,250000
"2017-04-15 12:55:17.75",5831,100055,119.8,12.6,69,8.560799,-148,-57.1276,2,9,0.9,348.2,7.823,0.14268,-0.9521267,4,15,12,55,17,750000
"2017-04-15 12:55:18.5",5832,100056,119.8,12.59,69,8.5597,-148,-57.1266,2,11,0.8,347.6,7.819,0.1426617,-0.95211,4,15,12,55,18,500000
"2017-04-15 12:55:19",5833,100057,119.8,12.59,69,8.5587,-148,-57.1284,2,10,0.9,348.6,7.819,0.142645,-0.95214,4,15,12,55,19,0
"2017-04-15 12:55:19.75",5834,100058,119.8,12.59,69,8.557201,-148,-57.1272,2,10,0.9,348.8,7.823,0.14262,-0.95212,4,15,12,55,19,750000
"2017-04-15 12:55:20.25",5835,100059,119.8,12.59,69,8.5568,-148,-57.1275,2,9,0.9,350.1,7.819,0.1426133,-0.952125,4,15,12,55,20,250000
"2017-04-15 12:55:21",5836,100060,119.4,12.58,69,8.5561,-148,-57.1287,2,10,0.9,350.4,7.794,0.1426017,-0.952145,4,15,12,55,21,0
"2017-04-15 12:55:21.5",5837,100061,119.8,12.59,69,8.5548,-148,-57.1268,2,9,0.9,349.9,7.823,0.14258,-0.9521134,4,15,12,55,21,500000
"2017-04-15 12:55:22",5838,100062,120,12.58,69,8.5538,-148,-57.1276,2,9,0.9,349.3,7.830,0.1425633,-0.9521267,4,15,12,55,22,0
"2017-04-15 12:55:22.75",5839,100063,119.8,12.57,69,8.5528,-148,-57.1257,2,10,0.9,349.2,7.823,0.1425467,-0.952095,4,15,12,55,22,750000
"2017-04-15 12:55:23.5",5840,100064,112.2,12.57,69,8.5532,-148,-57.126,2,10,0.9,349,7.325,0.1425533,-0.9521,4,15,12,55,23,500000
"2017-04-15 12:55:24",5841,100065,97.9,12.58,69,8.5525,-148,-57.1263,2,10,0.9,347.9,6.393,0.1425417,-0.952105,4,15,12,55,24,0
"2017-04-15 12:55:24.75",5842,100066,106.9,12.58,69,8.5511,-148,-57.1248,2,10,0.9,347.3,6.981,0.1425183,-0.95208,4,15,12,55,24,750000
"2017-04-15 12:55:25.5",5843,100067,105.7,12.58,69,8.5504,-148,-57.1251,2,10,0.9,348.1,6.897,0.1425067,-0.952085,4,15,12,55,25,500000
"2017-04-15 12:55:26.25",5844,100068,96.1,12.58,69,8.5496,-148,-57.1259,2,10,0.9,347.7,6.273,0.1424933,-0.9520983,4,15,12,55,26,250000
"2017-04-15 12:55:26.75",5845,100069,96.7,12.57,69,8.5494,-148,-57.125,2,10,0.9,347.1,6.313,0.14249,-0.9520834,4,15,12,55,26,750000
"2017-04-15 12:55:27.5",5846,100070,103.3,12.58,69,8.5492,-148,-57.1244,2,10,0.9,347.4,6.741,0.1424867,-0.9520734,4,15,12,55,27,500000
"2017-04-15 12:55:28",5847,100071,109.6,12.56,69,8.5487,-148,-57.1246,2,10,0.9,348.1,7.151,0.1424783,-0.9520766,4,15,12,55,28,0
"2017-04-15 12:55:28.75",5848,100072,100.5,12.57,69,8.5485,-148,-57.1247,2,10,0.9,348.4,6.56,0.142475,-0.9520783,4,15,12,55,28,750000
"2017-04-15 12:55:29.25",5849,100073,80.9,12.56,69,8.5473,-148,-57.1254,2,10,0.9,348.2,5.279,0.142455,-0.95209,4,15,12,55,29,250000
"2017-04-15 12:55:30",5850,100074,86.8,12.56,69,8.546699,-148,-57.1245,2,10,0.9,349.5,5.667,0.142445,-0.952075,4,15,12,55,30,0
"2017-04-15 12:55:30.5",5851,100075,92.5,12.57,69,8.5463,-148,-57.1233,2,10,0.9,349.6,6.037,0.1424383,-0.952055,4,15,12,55,30,500000
"2017-04-15 12:55:31",5852,100076,86.6,12.56,69,8.5456,-148,-57.1238,2,10,0.9,349.7,5.653,0.1424267,-0.9520634,4,15,12,55,31,0
"2017-04-15 12:55:31.5",5853,100077,88.5,12.57,69,8.545,-148,-57.1245,2,10,0.9,349.9,5.779,0.1424167,-0.952075,4,15,12,55,31,500000
"2017-04-15 12:55:32",5854,100078,58.8,12.56,69,8.5912,-148,-57.1179,2,10,0.9,351,3.838,0.1431867,-0.951965,4,15,12,55,32,0
"2017-04-15 12:55:32.75",5855,100079,64.02,12.55,69,8.590901,-148,-57.1179,2,10,0.9,350.6,4.179,0.1431817,-0.951965,4,15,12,55,32,750000
"2017-04-15 12:55:33.5",5856,100080,66.64,12.55,69,8.5905,-148,-57.117,2,10,0.9,350.4,4.35,0.143175,-0.95195,4,15,12,55,33,500000
"2017-04-15 12:55:34.25",5857,100081,63.19,12.56,69,8.59,-148,-57.1161,2,10,0.9,350.1,4.125,0.1431667,-0.951935,4,15,12,55,34,250000
"2017-04-15 12:55:34.75",5858,100082,50.74,12.56,69,8.5886,-148,-57.1149,2,10,0.9,350,3.312,0.1431433,-0.951915,4,15,12,55,34,750000
"2017-04-15 12:55:35.25",5859,100083,52.35,12.56,69,8.5886,-148,-57.1152,2,10,0.9,349.7,3.417,0.1431433,-0.95192,4,15,12,55,35,250000
"2017-04-15 12:55:35.75",5860,100084,56.8,12.55,69,8.5883,-148,-57.1157,2,10,0.9,349.6,3.708,0.1431383,-0.9519283,4,15,12,55,35,750000
"2017-04-15 12:55:36.5",5861,100085,55.52,12.56,69,8.5873,-148,-57.1146,2,10,0.9,349.1,3.624,0.1431217,-0.95191,4,15,12,55,36,500000
"2017-04-15 12:55:37",5862,100086,53.74,12.56,69,8.5869,-148,-57.1139,2,10,0.9,349.2,3.508,0.143115,-0.9518983,4,15,12,55,37,0
"2017-04-15 12:55:37.75",5863,100087,53.24,12.56,69,8.5861,-148,-57.1136,2,10,0.9,349.5,3.475,0.1431017,-0.9518934,4,15,12,55,37,750000
"2017-04-15 12:55:38.5",5864,100088,63.52,12.56,69,8.5855,-148,-57.1135,2,10,0.9,349.4,4.146,0.1430917,-0.9518917,4,15,12,55,38,500000
"2017-04-15 12:55:39.25",5865,100089,50.24,12.55,69,8.5848,-148,-57.113,2,10,0.9,349.4,3.279,0.14308,-0.9518833,4,15,12,55,39,250000
"2017-04-15 12:55:40",5866,100090,48.46,12.56,69,8.5842,-148,-57.1136,2,10,0.9,349.4,3.163,0.14307,-0.9518934,4,15,12,55,40,0
"2017-04-15 12:55:40.5",5867,100091,65.25,12.55,69,8.5834,-148,-57.1139,2,10,0.9,350.1,4.259,0.1430567,-0.9518983,4,15,12,55,40,500000
"2017-04-15 12:55:41.25",5868,100092,47.91,12.55,69,8.5828,-148,-57.1131,2,10,0.9,350,3.127,0.1430467,-0.951885,4,15,12,55,41,250000
"2017-04-15 12:55:42",5869,100093,67.75,12.56,69,8.5815,-148,-57.1134,2,10,0.9,350.5,4.422,0.143025,-0.95189,4,15,12,55,42,0
"2017-04-15 12:55:43",5870,100094,55.74,12.55,69,8.5813,-148,-57.1126,2,10,0.9,350.5,3.639,0.1430217,-0.9518766,4,15,12,55,43,0
"2017-04-15 12:55:43.75",5871,100095,55.02,12.55,69,8.5807,-148,-57.1122,2,10,0.9,351,3.591,0.1430117,-0.95187,4,15,12,55,43,750000
"2017-04-15 12:55:44.5",5872,100096,68.25,12.55,69,8.580401,-148,-57.1129,2,10,0.9,350.4,4.455,0.1430067,-0.9518817,4,15,12,55,44,500000
"2017-04-15 12:55:45",5873,100097,62.91,12.56,69,8.58,-148,-57.1116,2,10,0.9,350.3,4.106,0.143,-0.95186,4,15,12,55,45,0
"2017-04-15 12:55:45.75",5874,100098,65.02,12.55,69,8.5793,-148,-57.1124,2,10,0.9,350,4.244,0.1429883,-0.9518734,4,15,12,55,45,750000
"2017-04-15 12:55:46.5",5875,100099,79.42,12.55,69,8.5788,-148,-57.1119,2,10,0.9,351,5.184,0.14298,-0.951865,4,15,12,55,46,500000
"2017-04-15 12:55:47",5876,100100,86,12.55,69,8.577599,-148,-57.1129,2,10,0.9,350.9,5.616,0.14296,-0.9518817,4,15,12,55,47,0
"2017-04-15 12:55:47.75",5877,100101,84.1,12.55,69,8.577,-148,-57.1109,2,10,0.9,350.7,5.492,0.14295,-0.9518483,4,15,12,55,47,750000
"2017-04-15 12:55:48.75",5878,100102,94.8,12.55,69,8.5764,-148,-57.1103,2,10,0.9,349.9,6.185,0.14294,-0.9518383,4,15,12,55,48,750000
"2017-04-15 12:55:49.5",5879,100103,94.9,12.55,69,8.574799,-148,-57.1098,2,10,0.9,349.5,6.196,0.1429133,-0.95183,4,15,12,55,49,500000
"2017-04-15 12:55:50.25",5880,100104,93,12.55,69,8.5745,-148,-57.1095,2,10,0.9,348.6,6.073,0.1429083,-0.951825,4,15,12,55,50,250000
"2017-04-15 12:55:51",5881,100105,95.2,12.55,69,8.574099,-148,-57.1103,2,10,0.9,349.4,6.214,0.1429017,-0.9518383,4,15,12,55,51,0
"2017-04-15 12:55:51.75",5882,100106,111.9,12.54,69,8.5732,-148,-57.1102,2,10,0.9,350.4,7.306,0.1428867,-0.9518366,4,15,12,55,51,750000
"2017-04-15 12:55:52.5",5883,100107,114.8,12.55,69,8.5729,-148,-57.1089,2,10,0.9,350.2,7.495,0.1428817,-0.951815,4,15,12,55,52,500000
"2017-04-15 12:55:53.25",5884,100108,112,12.55,69,8.5724,-148,-57.1085,2,10,0.9,350.1,7.310,0.1428733,-0.9518083,4,15,12,55,53,250000
"2017-04-15 12:55:54",5885,100109,104.3,12.55,69,8.5717,-148,-57.1084,2,10,0.9,349.4,6.805,0.1428617,-0.9518066,4,15,12,55,54,0
"2017-04-15 12:55:54.75",5886,100110,112.7,12.55,69,8.5707,-148,-57.1083,2,10,0.9,348.8,7.357,0.142845,-0.951805,4,15,12,55,54,750000
"2017-04-15 12:55:55.5",5887,100111,107.2,12.54,69,8.5696,-148,-57.1078,2,10,0.9,348.1,6.998,0.1428267,-0.9517966,4,15,12,55,55,500000
"2017-04-15 12:55:56.25",5888,100112,107.5,12.55,69,8.5695,-148,-57.1067,2,10,0.9,348.6,7.016,0.142825,-0.9517783,4,15,12,55,56,250000
"2017-04-15 12:55:56.75",5889,100113,105,12.54,69,8.5691,-148,-57.1073,2,10,0.9,348.7,6.856,0.1428184,-0.9517883,4,15,12,55,56,750000
"2017-04-15 12:55:57.25",5890,100114,119.8,12.54,69,8.5686,-148,-57.1064,2,10,0.9,348.7,7.821,0.14281,-0.9517734,4,15,12,55,57,250000
"2017-04-15 12:55:57.75",5891,100115,119.8,12.55,69,8.568499,-148,-57.1055,2,10,0.9,348.7,7.821,0.1428083,-0.9517583,4,15,12,55,57,750000
"2017-04-15 12:55:58.25",5892,100116,106.7,12.54,69,8.568499,-148,-57.1065,2,10,0.9,348.2,6.965,0.1428083,-0.951775,4,15,12,55,58,250000
"2017-04-15 12:55:59",5893,100117,119.8,12.53,69,8.5679,-148,-57.1058,2,10,0.9,347.7,7.821,0.1427983,-0.9517634,4,15,12,55,59,0
"2017-04-15 12:55:59.75",5894,100118,119.9,12.53,69,8.5672,-148,-57.1071,2,9,0.9,347.6,7.825,0.1427867,-0.951785,4,15,12,55,59,750000
"2017-04-15 12:56:00.25",5895,100119,119.9,12.53,69,8.5655,-148,-57.1065,2,10,0.9,347.9,7.825,0.1427583,-0.951775,4,15,12,56,0,250000
"2017-04-15 12:56:01",5896,100120,119.9,12.53,69,8.5665,-148,-57.107,2,10,0.9,349.2,7.825,0.142775,-0.9517833,4,15,12,56,1,0
"2017-04-15 12:56:01.5",5897,100121,119.8,12.53,69,8.5656,-148,-57.107,2,10,0.9,348.5,7.821,0.14276,-0.9517833,4,15,12,56,1,500000
"2017-04-15 12:56:02",5898,100122,119.9,12.53,69,8.564,-148,-57.1055,2,10,0.9,347.6,7.825,0.1427333,-0.9517583,4,15,12,56,2,0
"2017-04-15 12:56:02.5",5899,100123,119.8,12.53,69,8.564201,-148,-57.1039,2,10,0.9,348.4,7.821,0.1427367,-0.9517317,4,15,12,56,2,500000
"2017-04-15 12:56:03",5900,100124,119.8,12.53,69,8.5631,-148,-57.1045,2,10,0.9,347.3,7.821,0.1427183,-0.9517416,4,15,12,56,3,0
"2017-04-15 12:56:03.75",5901,100125,119.9,12.52,69,8.5625,-148,-57.105,2,10,0.9,344.9,7.825,0.1427083,-0.95175,4,15,12,56,3,750000
"2017-04-15 12:56:04.5",5902,100126,119.9,12.53,69,8.5616,-148,-57.1048,2,9,1.1,345.2,7.828,0.1426933,-0.9517467,4,15,12,56,4,500000
"2017-04-15 12:56:05",5903,100127,119.8,12.51,69,8.561401,-148,-57.104,2,10,0.9,346,7.821,0.14269,-0.9517334,4,15,12,56,5,0
"2017-04-15 12:56:05.5",5904,100128,119.9,12.52,69,8.560799,-148,-57.1018,2,10,0.9,347.4,7.824,0.14268,-0.9516966,4,15,12,56,5,500000
"2017-04-15 12:56:06",5905,100129,119.9,12.52,69,8.5598,-148,-57.1036,2,10,0.9,346.3,7.824,0.1426633,-0.9517266,4,15,12,56,6,0
"2017-04-15 12:56:06.5",5906,100130,119.9,12.52,69,8.5601,-148,-57.1023,2,10,0.9,346.5,7.828,0.1426683,-0.951705,4,15,12,56,6,500000
"2017-04-15 12:56:07.25",5907,100131,119.9,12.52,69,8.5592,-148,-57.101,2,10,0.9,346.6,7.827,0.1426533,-0.9516834,4,15,12,56,7.000,250000
"2017-04-15 12:56:08",5908,100132,119.8,12.51,69,8.5587,-148,-57.1017,2,10,0.9,347.6,7.82,0.142645,-0.951695,4,15,12,56,8,0
"2017-04-15 12:56:08.75",5909,100133,119.8,12.52,69,8.5578,-148,-57.1021,2,10,0.9,346.8,7.82,0.14263,-0.9517017,4,15,12,56,8,750000
"2017-04-15 12:56:09.25",5910,100134,119.8,12.51,69,8.5564,-148,-57.1011,2,10,0.9,348.2,7.823,0.1426067,-0.951685,4,15,12,56,9,250000
"2017-04-15 12:56:09.75",5911,100135,80.2,12.52,69,8.555801,-148,-57.1014,2,11,0.8,348.8,5.233,0.1425967,-0.9516899,4,15,12,56,9,750000
"2017-04-15 12:56:10.75",5912,100136,90.7,12.51,69,8.5555,-148,-57.1011,2,11,0.8,348.6,5.919,0.1425917,-0.951685,4,15,12,56,10,750000
"2017-04-15 12:56:11.5",5913,100137,84.3,12.52,69,8.5543,-148,-57.1006,2,10,0.8,349.8,5.502,0.1425717,-0.9516766,4,15,12,56,11,500000
"2017-04-15 12:56:12.25",5914,100138,72.84,12.51,69,8.5543,-148,-57.1008,2,11,0.8,349.6,4.755,0.1425717,-0.95168,4,15,12,56,12,250000
"2017-04-15 12:56:12.75",5915,100139,72.95,12.52,69,8.554,-148,-57.1002,2,11,0.8,350.5,4.762,0.1425667,-0.95167,4,15,12,56,12,750000
"2017-04-15 12:56:13.5",5916,100140,59.01,12.51,69,8.5532,-148,-57.1005,2,11,0.8,351.4,3.852,0.1425533,-0.951675,4,15,12,56,13,500000
"2017-04-15 12:56:14.25",5917,100141,92.8,12.51,69,8.5525,-148,-57.0994,2,11,0.8,351.1,6.057,0.1425417,-0.9516566,4,15,12,56,14,250000
"2017-04-15 12:56:15",5918,100142,78.12,12.51,69,8.5522,-148,-57.0997,2,11,0.8,350.9,5.099,0.1425367,-0.9516617,4,15,12,56,15,0
"2017-04-15 12:56:15.5",5919,100143,83.1,12.51,69,8.5511,-148,-57.0986,2,11,0.8,350.9,5.426,0.1425183,-0.9516433,4,15,12,56,15,500000
"2017-04-15 12:56:16.25",5920,100144,62.28,12.51,69,8.5504,-148,-57.0982,2,11,0.8,351.3,4.066,0.1425067,-0.9516366,4,15,12,56,16,250000
"2017-04-15 12:56:16.75",5921,100145,75.01,12.51,69,8.5497,-148,-57.099,2,11,0.8,350.6,4.896,0.142495,-0.95165,4,15,12,56,16,750000
"2017-04-15 12:56:17.5",5922,100146,50.56,12.51,69,8.5899,-148,-57.0876,2,11,0.8,350.7,3.3,0.143165,-0.95146,4,15,12,56,17,500000
"2017-04-15 12:56:18.5",5923,100147,47.72,12.5,69,8.5899,-148,-57.0876,2,11,0.8,350.7,3.115,0.143165,-0.95146,4,15,12,56,18,500000
"2017-04-15 12:56:19",5924,100148,43.06,12.5,69,8.5899,-148,-57.0876,2,11,0.8,350.7,2.81,0.143165,-0.95146,4,15,12,56,19,0
"2017-04-15 12:56:19.75",5925,100149,48.67,12.51,69,8.5897,-148,-57.0875,2,11,0.8,350.8,3.177,0.1431617,-0.9514583,4,15,12,56,19,750000
"2017-04-15 12:56:20.5",5926,100150,57.72,12.51,69,8.5893,-148,-57.0875,2,11,0.8,350.7,3.768,0.143155,-0.9514583,4,15,12,56,20,500000
"2017-04-15 12:56:21.25",5927,100151,48.78,12.51,69,8.589,-148,-57.0857,2,11,0.8,350,3.184,0.14315,-0.9514283,4,15,12,56,21,250000
"2017-04-15 12:56:22",5928,100152,39.61,12.51,69,8.5883,-148,-57.0862,2,11,0.8,350.2,2.586,0.1431383,-0.9514367,4,15,12,56,22,0
"2017-04-15 12:56:23",5929,100153,46.89,12.51,69,8.588101,-148,-57.0862,2,11,0.8,349.4,3.061,0.143135,-0.9514367,4,15,12,56,23,0
"2017-04-15 12:56:23.75",5930,100154,35.33,12.51,69,8.587401,-148,-57.0857,2,11,0.8,349.2,2.306,0.1431233,-0.9514283,4,15,12,56,23,750000
"2017-04-15 12:56:24.5",5931,100155,49.67,12.51,69,8.5866,-148,-57.0865,2,11,0.8,349.2,3.242,0.14311,-0.9514417,4,15,12,56,24,500000
"2017-04-15 12:56:25.25",5932,100156,59.67,12.5,69,8.5861,-148,-57.0871,2,11,0.8,349.1,3.895,0.1431017,-0.9514517,4,15,12,56,25,250000
"2017-04-15 12:56:26",5933,100157,55.78,12.51,69,8.5855,-148,-57.0858,2,11,0.8,349.4,3.641,0.1430917,-0.95143,4,15,12,56,26,0
"2017-04-15 12:56:26.5",5934,100158,51.72,12.51,69,8.5852,-148,-57.0858,2,11,0.8,349.5,3.376,0.1430867,-0.95143,4,15,12,56,26,500000
"2017-04-15 12:56:27.25",5935,100159,63.89,12.51,69,8.5842,-148,-57.0867,2,11,0.8,349.7,4.17,0.14307,-0.951445,4,15,12,56,27,250000
"2017-04-15 12:56:28",5936,100160,70.83,12.51,69,8.5841,-148,-57.086,2,11,0.8,349.3,4.624,0.1430683,-0.9514333,4,15,12,56,28,0
"2017-04-15 12:56:28.75",5937,100161,56.39,12.51,69,8.5833,-148,-57.0862,2,11,0.8,349.4,3.681,0.143055,-0.9514367,4,15,12,56,28,750000
"2017-04-15 12:56:29.5",5938,100162,63.06,12.51,69,8.5834,-148,-57.0845,2,11,0.8,349.5,4.116,0.1430567,-0.9514083,4,15,12,56,29,500000
"2017-04-15 12:56:30.25",5939,100163,62.56,12.5,69,8.5829,-148,-57.0853,2,10,0.9,349.4,4.083,0.1430483,-0.9514217,4,15,12,56,30,250000
"2017-04-15 12:56:31",5940,100164,73.45,12.51,69,8.5823,-148,-57.0861,2,10,0.9,349.4,4.794,0.1430383,-0.951435,4,15,12,56,31,0
"2017-04-15 12:56:31.75",5941,100165,63.22,12.51,69,8.5816,-148,-57.0866,2,10,0.9,349.6,4.127,0.1430267,-0.9514434,4,15,12,56,31,750000
"2017-04-15 12:56:32.75",5942,100166,64.33,12.51,69,8.581,-148,-57.0871,2,9,1,349.3,4.199,0.1430167,-0.9514517,4,15,12,56,32,750000
"2017-04-15 12:56:33.75",5943,100167,75.67,12.51,69,8.580401,-148,-57.0866,2,10,0.9,349.3,4.939,0.1430067,-0.9514434,4,15,12,56,33,750000
"2017-04-15 12:56:34.5",5944,100168,79.5,12.51,69,8.5795,-148,-57.087,2,9,1,348.5,5.189,0.1429917,-0.9514501,4,15,12,56,34,500000
"2017-04-15 12:56:35.25",5945,100169,77.28,12.51,69,8.5789,-148,-57.0862,2,10,0.9,348.5,5.044,0.1429817,-0.9514367,4,15,12,56,35,250000
"2017-04-15 12:56:35.75",5946,100170,77.39,12.51,69,8.5785,-148,-57.0861,2,10,0.9,347.8,5.052,0.142975,-0.951435,4,15,12,56,35,750000
"2017-04-15 12:56:36.75",5947,100171,76.67,12.51,69,8.577599,-148,-57.0857,2,9,1,347.9,5.004,0.14296,-0.9514283,4,15,12,56,36,750000
"2017-04-15 12:56:37.5",5948,100172,90.9,12.51,69,8.577,-148,-57.0855,2,10,0.9,347.5,5.936,0.14295,-0.951425,4,15,12,56,37,500000
"2017-04-15 12:56:38",5949,100173,93.7,12.51,69,8.5763,-148,-57.0847,2,10,0.9,348.8,6.114,0.1429383,-0.9514117,4,15,12,56,38,0
"2017-04-15 12:56:38.75",5950,100174,98.4,12.51,69,8.5756,-148,-57.0857,2,9,1,348.1,6.422,0.1429267,-0.9514283,4,15,12,56,38,750000
"2017-04-15 12:56:39.75",5951,100175,102.1,12.51,69,8.5752,-148,-57.0849,2,9,1,348.2,6.665,0.14292,-0.951415,4,15,12,56,39,750000
"2017-04-15 12:56:40.5",5952,100176,102.7,12.51,69,8.5746,-148,-57.0864,2,10,0.9,347.7,6.705,0.14291,-0.95144,4,15,12,56,40,500000
"2017-04-15 12:56:41.25",5953,100177,102.4,12.51,69,8.5735,-148,-57.0858,2,9,1,347.5,6.683,0.1428917,-0.95143,4,15,12,56,41,250000
"2017-04-15 12:56:42.25",5954,100178,118.8,12.51,69,8.573,-148,-57.0869,2,10,0.9,347,7.757,0.1428833,-0.9514483,4,15,12,56,42,250000
"2017-04-15 12:56:43",5955,100179,119.8,12.5,69,8.5718,-148,-57.0863,2,10,0.9,346.9,7.822,0.1428633,-0.9514383,4,15,12,56,43,0
"2017-04-15 12:56:43.75",5956,100180,117.2,12.5,69,8.5705,-148,-57.0858,2,9,1.1,347,7.648,0.1428417,-0.95143,4,15,12,56,43,750000
"2017-04-15 12:56:44.25",5957,100181,104.2,12.5,69,8.5698,-148,-57.086,2,9,1.1,346.5,6.803,0.14283,-0.9514333,4,15,12,56,44,250000
"2017-04-15 12:56:45",5958,100182,119.9,12.51,69,8.569199,-148,-57.0853,2,9,1.1,346.5,7.826,0.14282,-0.9514217,4,15,12,56,45,0
"2017-04-15 12:56:45.5",5959,100183,119.9,12.51,69,8.569199,-148,-57.0852,2,9,1.2,346,7.826,0.14282,-0.95142,4,15,12,56,45,500000
"2017-04-15 12:56:46.25",5960,100184,119.9,12.51,69,8.5691,-148,-57.0846,2,9,1.2,346.7,7.826,0.1428184,-0.95141,4,15,12,56,46,250000
"2017-04-15 12:56:46.75",5961,100185,107.7,12.51,69,8.568,-148,-57.0852,2,8,1.2,346.4,7.031,0.1428,-0.95142,4,15,12,56,46,750000
"2017-04-15 12:56:47.5",5962,100186,101.4,12.5,69,8.5676,-148,-57.0847,2,8,1.2,346.1,6.618,0.1427933,-0.9514117,4,15,12,56,47,500000
"2017-04-15 12:56:48.25",5963,100187,104.6,12.5,69,8.5674,-148,-57.0842,2,9,1.1,345.3,6.825,0.14279,-0.9514034,4,15,12,56,48,250000
"2017-04-15 12:56:48.75",5964,100188,102.3,12.51,69,8.5663,-148,-57.0846,2,9,1.1,345.6,6.68,0.1427717,-0.95141,4,15,12,56,48,750000
"2017-04-15 12:56:49.25",5965,100189,99,12.5,69,8.566,-148,-57.0836,2,9,1.1,345.1,6.462,0.1427667,-0.9513933,4,15,12,56,49,250000
"2017-04-15 12:56:49.75",5966,100190,96.8,12.5,69,8.5658,-148,-57.0835,2,8,1.2,345.9,6.321,0.1427633,-0.9513916,4,15,12,56,49,750000
"2017-04-15 12:56:50.5",5967,100191,98.9,12.51,69,8.5656,-148,-57.0831,2,9,1.1,345.6,6.455,0.14276,-0.951385,4,15,12,56,50,500000
"2017-04-15 12:56:51",5968,100192,98.7,12.51,69,8.5645,-148,-57.0828,2,8,1.2,346.8,6.44,0.1427417,-0.95138,4,15,12,56,51,0
"2017-04-15 12:56:51.5",5969,100193,99.3,12.51,69,8.564,-148,-57.0837,2,8,1.2,347,6.48,0.1427333,-0.951395,4,15,12,56,51,500000
"2017-04-15 12:56:52",5970,100194,104.5,12.5,69,8.563599,-148,-57.0824,2,8,1.2,347.5,6.821,0.1427267,-0.9513734,4,15,12,56,52,0
"2017-04-15 12:56:52.5",5971,100195,110.6,12.51,69,8.5627,-148,-57.0834,2,8,1.2,347.7,7.22,0.1427117,-0.95139,4,15,12,56,52,500000
"2017-04-15 12:56:53",5972,100196,116.2,12.5,69,8.5624,-148,-57.0837,2,8,1.2,347.6,7.586,0.1427067,-0.951395,4,15,12,56,53,0
"2017-04-15 12:56:53.5",5973,100197,119.9,12.51,69,8.5616,-148,-57.0834,2,9,1.1,347.2,7.826,0.1426933,-0.95139,4,15,12,56,53,500000
"2017-04-15 12:56:54",5974,100198,119.9,12.51,69,8.5613,-148,-57.0831,2,8,1.3,347.1,7.829,0.1426883,-0.951385,4,15,12,56,54,0
"2017-04-15 12:56:54.5",5975,100199,119.9,12.51,69,8.5605,-148,-57.0839,2,8,1.2,346,7.829,0.142675,-0.9513983,4,15,12,56,54,500000
"2017-04-15 12:56:55",5976,100200,119.9,12.51,69,8.5602,-148,-57.0842,2,8,1.3,345.5,7.826,0.14267,-0.9514034,4,15,12,56,55,0
"2017-04-15 12:56:55.75",5977,100201,119.8,12.5,69,8.559,-148,-57.0824,2,8,1.3,346.9,7.822,0.14265,-0.9513734,4,15,12,56,55,750000
"2017-04-15 12:56:56.25",5978,100202,119.9,12.51,69,8.558601,-148,-57.0832,2,8,1.2,347.1,7.825,0.1426434,-0.9513866,4,15,12,56,56,250000
"2017-04-15 12:56:56.75",5979,100203,109.5,12.51,69,8.559,-148,-57.0822,2,8,1.2,348.4,7.151,0.14265,-0.95137,4,15,12,56,56,750000
"2017-04-15 12:56:57.25",5980,100204,99.1,12.5,69,8.5592,-148,-57.082,2,8,1.2,349.4,6.469,0.1426533,-0.9513666,4,15,12,56,57,250000
"2017-04-15 12:56:58.25",5981,100205,94.6,12.5,69,8.558601,-148,-57.0821,2,9,1,349.3,6.172,0.1426434,-0.9513683,4,15,12,56,58,250000
"2017-04-15 12:56:58.75",5982,100206,66.66,12.5,69,8.5583,-148,-57.082,2,9,1,349.3,4.351,0.1426383,-0.9513666,4,15,12,56,58,750000
"2017-04-15 12:56:59.5",5983,100207,48.78,12.51,69,8.5577,-148,-57.0827,2,9,1,349.3,3.184,0.1426283,-0.9513783,4,15,12,56,59,500000
"2017-04-15 12:57:00.25",5984,100208,65,12.5,69,8.5577,-148,-57.0825,2,9,1,349.3,4.243,0.1426283,-0.951375,4,15,12,57,0,250000
"2017-04-15 12:57:01",5985,100209,43.5,12.5,69,8.557,-148,-57.0831,2,9,1,348.4,2.839,0.1426167,-0.951385,4,15,12,57,1,0
"2017-04-15 12:57:01.5",5986,100210,64.33,12.5,69,8.5563,-148,-57.0828,2,9,1,348.3,4.199,0.142605,-0.95138,4,15,12,57,1,500000
"2017-04-15 12:57:02.25",5987,100211,74.61,12.51,69,8.5553,-148,-57.0833,2,9,1,347.8,4.87,0.1425883,-0.9513883,4,15,12,57,2,250000
"2017-04-15 12:57:03",5988,100212,75.72,12.5,69,8.5549,-148,-57.0842,2,9,1,347.7,4.942,0.1425817,-0.9514034,4,15,12,57,3,0
"2017-04-15 12:57:03.75",5989,100213,74.11,12.51,69,8.5542,-148,-57.084,2,9,1,348,4.837,0.14257,-0.9514,4,15,12,57,3,750000
"2017-04-15 12:57:04.5",5990,100214,74.66,12.5,69,8.5533,-148,-57.0832,2,8,1.2,347.8,4.873,0.142555,-0.9513866,4,15,12,57,4,500000
"2017-04-15 12:57:05.25",5991,100215,73.83,12.51,69,8.5529,-148,-57.0831,2,8,1.2,347.9,4.819,0.1425483,-0.951385,4,15,12,57,5,250000
"2017-04-15 12:57:06",5992,100216,61.66,12.51,69,8.5521,-148,-57.0834,2,8,1.2,348,4.025,0.142535,-0.95139,4,15,12,57,6,0
"2017-04-15 12:57:06.75",5993,100217,56.49,12.51,69,8.5521,-148,-57.0821,2,8,1.2,348.5,3.688,0.142535,-0.9513683,4,15,12,57,6,750000
"2017-04-15 12:57:07.75",5994,100218,53.49,12.51,69,8.5521,-148,-57.0828,2,8,1.2,348.7,3.492,0.142535,-0.95138,4,15,12,57,7.000,750000
"2017-04-15 12:57:08.25",5995,100219,60.33,12.51,69,8.551601,-148,-57.0833,2,8,1.2,348.9,3.938,0.1425267,-0.9513883,4,15,12,57,8,250000
"2017-04-15 12:57:08.75",5996,100220,74.88,12.51,69,8.5512,-148,-57.082,2,8,1.2,349.1,4.888,0.14252,-0.9513666,4,15,12,57,8,750000
"2017-04-15 12:57:09.25",5997,100221,82.5,12.51,69,8.5505,-148,-57.0843,2,8,1.2,349.3,5.388,0.1425083,-0.951405,4,15,12,57,9,250000
"2017-04-15 12:57:09.75",5998,9900001,-0.06,12.5,69,8.5496,-148,-57.0843,2,9,1.2,349,-0.00,0.1424933,-0.951405,4,15,12,57,9,750000
"2017-04-15 12:57:10.25",5999,9900002,119.6,12.5,69,8.5496,-148,-57.0843,2,9,1.2,349,7.809,0.1424933,-0.951405,4,15,12,57,10,250000
"2017-04-15 12:57:11",6000,9900003,-0.17,12.5,69,8.5496,-148,-57.0843,2,9,1.2,349,-0.01,0.1424933,-0.951405,4,15,12,57,11,0
"2017-04-15 12:57:11.75",6001,9900004,119.8,12.51,69,8.5496,-148,-57.0843,2,9,1.2,349,7.82,0.1424933,-0.951405,4,15,12,57,11,750000
"2017-04-15 12:57:12.25",6002,9900005,-0.11,12.51,69,8.5496,-148,-57.0842,2,9,1.2,349,-0.01,0.1424933,-0.9514034,4,15,12,57,12,250000
"2017-04-15 12:57:13",6003,9900006,119.8,12.51,69,8.5496,-148,-57.0842,2,9,1.2,349,7.82,0.1424933,-0.9514034,4,15,12,57,13,0
"2017-04-15 12:57:13.5",6004,9900007,52.01,12.56,69,6.236,-148,-56.8185,2,10,0.8,376,3.395,0.1039333,-0.946975,4,15,12,57,13,500000
"2017-04-15 12:57:14.5",6005,9900008,0,12.55,69,6.2071,-148,-56.7406,2,10,0.8,373.1,0,0.1034517,-0.9456767,4,15,12,57,14,500000
"2017-04-15 12:57:16",6006,9900009,0,12.55,69,6.2073,-148,-56.7386,2,10,0.8,372.6,0,0.103455,-0.9456434,4,15,12,57,16,0
"2017-04-15 12:57:16.75",6007,9900010,120,12.55,69,6.2075,-148,-56.7382,2,10,0.8,372.1,7.833,0.1034583,-0.9456367,4,15,12,57,16,750000
"2017-04-15 12:57:17.5",6008,9900011,120,12.54,69,6.2076,-148,-56.7381,2,10,0.8,372.1,7.830,0.10346,-0.945635,4,15,12,57,17,500000
"2017-04-15 12:57:18.75",6009,9900012,119.9,12.55,69,6.2076,-148,-56.7381,2,10,0.8,372.1,7.826,0.10346,-0.945635,4,15,12,57,18,750000
"2017-04-15 12:57:19.5",6010,9900013,0,12.54,69,6.2076,-148,-56.7377,2,10,0.8,372.1,0,0.10346,-0.9456283,4,15,12,57,19,500000
"2017-04-15 12:57:20.25",6011,151001,39.19,12.55,69,6.2076,-148,-56.7365,2,10,0.8,371.7,2.558,0.10346,-0.9456083,4,15,12,57,20,250000
"2017-04-15 12:57:21",6012,151002,52.18,12.54,69,6.2079,-148,-56.7346,2,10,0.8,371.9,3.406,0.103465,-0.9455766,4,15,12,57,21,0
"2017-04-15 12:57:21.75",6013,151003,55.06,12.54,69,6.2085,-148,-56.7324,2,10,0.8,371.7,3.594,0.103475,-0.94554,4,15,12,57,21,750000
"2017-04-15 12:57:22.5",6014,151004,50.01,12.55,69,6.2089,-148,-56.7305,2,10,0.8,371.7,3.265,0.1034817,-0.9455083,4,15,12,57,22,500000
"2017-04-15 12:57:23.25",6015,151005,56.62,12.54,69,6.2094,-148,-56.7288,2,10,0.8,371.7,3.696,0.10349,-0.9454801,4,15,12,57,23,250000
"2017-04-15 12:57:24",6016,151006,70.55,12.54,69,6.21,-148,-56.7271,2,10,0.8,371.6,4.605,0.1035,-0.9454517,4,15,12,57,24,0
"2017-04-15 12:57:24.75",6017,151007,76.32,12.54,69,6.2103,-148,-56.726,2,10,0.8,371.9,4.982,0.103505,-0.9454334,4,15,12,57,24,750000
"2017-04-15 12:57:25.75",6018,151008,83.5,12.55,69,6.2114,-148,-56.724,2,10,0.8,372.9,5.449,0.1035233,-0.9454,4,15,12,57,25,750000
"2017-04-15 12:57:26.5",6019,151009,101.1,12.54,69,6.2116,-148,-56.7228,2,10,0.8,373.5,6.602,0.1035267,-0.94538,4,15,12,57,26,500000
"2017-04-15 12:57:27.5",6020,151010,92.3,12.54,69,6.2121,-148,-56.7209,2,10,0.8,374,6.025,0.103535,-0.9453484,4,15,12,57,27,500000
"2017-04-15 12:57:28.25",6021,151011,103.2,12.54,69,6.2128,-148,-56.7195,2,10,0.8,374.1,6.739,0.1035467,-0.945325,4,15,12,57,28,250000
"2017-04-15 12:57:29.25",6022,151012,95.4,12.54,69,6.2132,-148,-56.7168,2,10,0.8,374.2,6.225,0.1035533,-0.94528,4,15,12,57,29,250000
"2017-04-15 12:57:30",6023,151013,111.6,12.54,69,6.2137,-148,-56.7153,2,10,0.8,374.2,7.286,0.1035617,-0.945255,4,15,12,57,30,0
"2017-04-15 12:57:31",6024,151014,113.9,12.54,69,6.214,-148,-56.7132,2,10,0.8,373.6,7.435,0.1035667,-0.94522,4,15,12,57,31,0
"2017-04-15 12:57:31.75",6025,151015,117.5,12.54,69,6.2145,-148,-56.7102,2,10,0.8,372.3,7.670,0.103575,-0.9451701,4,15,12,57,31,750000
"2017-04-15 12:57:32.5",6026,151016,112.1,12.54,69,6.2149,-148,-56.71,2,10,0.8,372.5,7.319,0.1035817,-0.9451666,4,15,12,57,32,500000
"2017-04-15 12:57:33.5",6027,151017,115.7,12.54,69,6.2159,-148,-56.7088,2,10,0.8,371.5,7.554,0.1035983,-0.9451466,4,15,12,57,33,500000
"2017-04-15 12:57:34.25",6028,151018,118.8,12.54,69,6.2163,-148,-56.7087,2,10,0.8,372,7.757,0.103605,-0.945145,4,15,12,57,34,250000
"2017-04-15 12:57:35.5",6029,151019,117.7,12.54,69,6.2169,-148,-56.7072,2,10,0.8,371.5,7.685,0.103615,-0.94512,4,15,12,57,35,500000
"2017-04-15 12:57:36.5",6030,151020,117.4,12.53,69,6.2169,-148,-56.7064,2,10,0.8,371,7.663,0.103615,-0.9451067,4,15,12,57,36,500000
"2017-04-15 12:57:37.5",6031,151021,116.5,12.54,69,6.2171,-148,-56.7027,2,10,0.8,369.9,7.605,0.1036183,-0.945045,4,15,12,57,37,500000
"2017-04-15 12:57:38.25",6032,151022,120,12.54,69,6.2174,-148,-56.7017,2,10,0.8,369.8,7.830,0.1036233,-0.9450283,4,15,12,57,38,250000
"2017-04-15 12:57:39.25",6033,151023,-0.11,12.54,69,6.2187,-148,-56.7017,2,10,0.8,372.2,-0.01,0.103645,-0.9450283,4,15,12,57,39,250000
"2017-04-15 12:57:40",6034,151024,9.49,12.54,69,6.2183,-148,-56.7028,2,10,0.8,372.7,0.62,0.1036383,-0.9450466,4,15,12,57,40,0
"2017-04-15 12:57:40.75",6035,151025,-0.06,12.54,69,6.2183,-148,-56.7028,2,10,0.8,372.7,-0.00,0.1036383,-0.9450466,4,15,12,57,40,750000
"2017-04-15 12:57:41.5",6036,151026,-0.11,12.54,69,6.2185,-148,-56.7019,2,10,0.8,372.7,-0.01,0.1036417,-0.9450317,4,15,12,57,41,500000
"2017-04-15 12:57:42.25",6037,151027,0,12.54,69,6.2195,-148,-56.6985,2,10,0.8,371.7,0,0.1036583,-0.944975,4,15,12,57,42,250000
"2017-04-15 12:57:43.5",6038,151028,0,12.54,69,6.2198,-148,-56.6975,2,10,0.8,372,0,0.1036633,-0.9449583,4,15,12,57,43,500000
"2017-04-15 12:57:44.25",6039,151029,-0.06,12.54,69,6.2206,-148,-56.6953,2,10,0.8,371.6,-0.00,0.1036767,-0.9449217,4,15,12,57,44,250000
"2017-04-15 12:57:45.25",6040,151030,0,12.54,69,6.2209,-148,-56.6943,2,10,0.8,371.3,0,0.1036817,-0.944905,4,15,12,57,45,250000
"2017-04-15 12:57:46.5",6041,151031,110.7,12.54,69,6.221,-148,-56.6931,2,10,0.8,371.3,7.228,0.1036833,-0.944885,4,15,12,57,46,500000
"2017-04-15 12:57:47.25",6042,151032,90.9,12.54,69,6.2213,-148,-56.6912,2,10,0.8,371,5.931,0.1036883,-0.9448534,4,15,12,57,47,250000
"2017-04-15 12:57:48",6043,151033,99.9,12.54,69,6.2215,-148,-56.6913,2,10,0.8,371.1,6.518,0.1036917,-0.944855,4,15,12,57,48,0
"2017-04-15 12:57:49",6044,151034,116.8,12.53,69,6.2224,-148,-56.6896,2,10,0.8,370.7,7.627,0.1037067,-0.9448267,4,15,12,57,49,0
"2017-04-15 12:57:50",6045,151035,93.6,12.53,69,6.223,-148,-56.6889,2,10,0.8,371.2,6.112,0.1037167,-0.944815,4,15,12,57,50,0
"2017-04-15 12:57:51",6046,151036,95.3,12.54,69,6.2232,-148,-56.6868,2,10,0.8,371.1,6.221,0.10372,-0.94478,4,15,12,57,51,0
"2017-04-15 12:57:52",6047,151037,95.6,12.54,69,6.2235,-148,-56.6852,2,10,0.8,370.7,6.243,0.103725,-0.9447534,4,15,12,57,52,0
"2017-04-15 12:57:52.75",6048,151038,87.6,12.53,69,6.2239,-148,-56.6848,2,10,0.8,370.6,5.721,0.1037317,-0.9447466,4,15,12,57,52,750000
"2017-04-15 12:57:53.5",6049,151039,95.5,12.54,69,6.2241,-148,-56.6829,2,10,0.8,370,6.232,0.103735,-0.944715,4,15,12,57,53,500000
"2017-04-15 12:57:54.25",6050,151040,87.9,12.53,69,6.2246,-148,-56.6818,2,10,0.8,370.4,5.736,0.1037433,-0.9446966,4,15,12,57,54,250000
"2017-04-15 12:57:55",6051,151041,94.6,12.53,69,6.225,-148,-56.6808,2,10,0.8,370.1,6.174,0.10375,-0.94468,4,15,12,57,55,0
"2017-04-15 12:57:55.75",6052,151042,110,12.54,69,6.2254,-148,-56.6788,2,10,0.8,370.8,7.181,0.1037567,-0.9446466,4,15,12,57,55,750000
"2017-04-15 12:57:56.5",6053,151043,119.9,12.54,69,6.2265,-148,-56.6762,2,10,0.8,371.7,7.826,0.103775,-0.9446034,4,15,12,57,56,500000
"2017-04-15 12:57:57.5",6054,151044,-0.06,12.53,69,6.2266,-148,-56.6723,2,10,0.8,369.5,-0.00,0.1037767,-0.9445383,4,15,12,57,57,500000
"2017-04-15 12:57:58.5",6055,151045,0,12.53,69,6.227,-148,-56.6725,2,10,0.8,368.8,0,0.1037833,-0.9445417,4,15,12,57,58,500000
"2017-04-15 12:57:59.25",6056,151046,101.7,12.54,69,6.2276,-148,-56.671,2,10,0.8,368.4,6.638,0.1037933,-0.9445167,4,15,12,57,59,250000
"2017-04-15 12:58:00.25",6057,151047,102,12.53,69,6.2276,-148,-56.6706,2,10,0.8,368.2,6.66,0.1037933,-0.9445101,4,15,12,58,0,250000
"2017-04-15 12:58:01",6058,151048,120,12.53,69,6.2289,-148,-56.6666,2,9,0.8,367.8,7.833,0.103815,-0.9444434,4,15,12,58,1,0
"2017-04-15 12:58:02",6059,151049,12.05,12.53,69,6.2294,-148,-56.6679,2,10,0.8,368.7,0.79,0.1038233,-0.944465,4,15,12,58,2,0
"2017-04-15 12:58:02.75",6060,151050,11.6,12.54,69,6.2295,-148,-56.6678,2,10,0.8,368.5,0.76,0.103825,-0.9444634,4,15,12,58,2,750000
"2017-04-15 12:58:03.5",6061,151051,12.1,12.53,69,6.2302,-148,-56.6654,2,10,0.8,368.4,0.79,0.1038367,-0.9444234,4,15,12,58,3,500000
"2017-04-15 12:58:04.25",6062,151052,94.9,12.53,69,6.2307,-148,-56.6629,2,10,0.8,367.6,6.196,0.103845,-0.9443817,4,15,12,58,4,250000
"2017-04-15 12:58:05",6063,151053,90.4,12.53,69,6.2305,-148,-56.6627,2,10,0.8,368,5.899,0.1038417,-0.9443783,4,15,12,58,5,0
"2017-04-15 12:58:05.75",6064,151054,85,12.53,69,6.2312,-148,-56.6605,2,10,0.8,367.8,5.551,0.1038533,-0.9443417,4,15,12,58,5,750000
"2017-04-15 12:58:06.5",6065,151055,81.3,12.53,69,6.2311,-148,-56.661,2,10,0.8,367.9,5.308,0.1038517,-0.94435,4,15,12,58,6,500000
"2017-04-15 12:58:07",6066,151056,75.32,12.54,69,6.2315,-148,-56.659,2,10,0.8,368.2,4.917,0.1038583,-0.9443167,4,15,12,58,7.000,0
"2017-04-15 12:58:07.75",6067,151057,71.44,12.53,69,6.2321,-148,-56.6576,2,10,0.8,368.2,4.663,0.1038683,-0.9442934,4,15,12,58,7.000,750000
"2017-04-15 12:58:09",6068,151058,63.78,12.53,69,6.2322,-148,-56.6555,2,10,0.8,367.4,4.163,0.10387,-0.9442583,4,15,12,58,9,0
"2017-04-15 12:58:10",6069,151059,58.95,12.53,69,6.2327,-148,-56.6543,2,10,0.8,366.7,3.848,0.1038783,-0.9442384,4,15,12,58,10,0
"2017-04-15 12:58:10.75",6070,151060,54.84,12.53,69,6.234,-148,-56.6519,2,9,0.8,366.2,3.58,0.1039,-0.9441984,4,15,12,58,10,750000
"2017-04-15 12:58:11.5",6071,151061,51.23,12.53,69,6.2343,-148,-56.6512,2,10,0.8,366.7,3.344,0.103905,-0.9441866,4,15,12,58,11,500000
"2017-04-15 12:58:12.25",6072,151062,44.85,12.53,69,6.2349,-148,-56.6492,2,10,0.8,367,2.928,0.103915,-0.9441534,4,15,12,58,12,250000
"2017-04-15 12:58:13.25",6073,151063,41.13,12.53,69,6.2353,-148,-56.6483,2,10,0.8,367.2,2.685,0.1039217,-0.9441383,4,15,12,58,13,250000
"2017-04-15 12:58:14.25",6074,151064,34.69,12.53,69,6.2367,-148,-56.6451,2,11,0.7,366.8,2.265,0.103945,-0.944085,4,15,12,58,14,250000
"2017-04-15 12:58:15",6075,151065,31.42,12.53,69,6.2366,-148,-56.6442,2,11,0.7,366.7,2.051,0.1039433,-0.94407,4,15,12,58,15,0
"2017-04-15 12:58:16",6076,152001,59.01,12.52,69,6.226,-148,-56.7723,2,11,0.7,370.2,3.852,0.1037667,-0.946205,4,15,12,58,16,0
"2017-04-15 12:58:17",6077,152002,57.51,12.51,69,6.2258,-148,-56.7714,2,11,0.7,370,3.754,0.1037633,-0.94619,4,15,12,58,17,0
"2017-04-15 12:58:17.75",6078,152003,64,12.52,69,6.226,-148,-56.7696,2,11,0.7,370.8,4.178,0.1037667,-0.94616,4,15,12,58,17,750000
"2017-04-15 12:58:18.5",6079,152004,74.77,12.51,69,6.2262,-148,-56.7679,2,11,0.7,371.1,4.881,0.10377,-0.9461317,4,15,12,58,18,500000
"2017-04-15 12:58:19.25",6080,152005,73.94,12.52,69,6.2259,-148,-56.7652,2,11,0.7,370.2,4.826,0.103765,-0.9460867,4,15,12,58,19,250000
"2017-04-15 12:58:20",6081,152006,84.4,12.52,69,6.2262,-148,-56.7642,2,11,0.7,370.8,5.511,0.10377,-0.9460699,4,15,12,58,20,0
"2017-04-15 12:58:20.75",6082,152007,95.7,12.52,69,6.2268,-148,-56.7621,2,11,0.7,370.9,6.246,0.10378,-0.946035,4,15,12,58,20,750000
"2017-04-15 12:58:21.75",6083,152008,90,12.52,69,6.2268,-148,-56.7612,2,11,0.7,370.1,5.873,0.10378,-0.94602,4,15,12,58,21,750000
"2017-04-15 12:58:22.75",6084,152009,104.5,12.52,69,6.2276,-148,-56.7593,2,11,0.7,370,6.823,0.1037933,-0.9459883,4,15,12,58,22,750000
"2017-04-15 12:58:23.75",6085,152010,102.2,12.52,69,6.2282,-148,-56.7574,2,11,0.7,369.9,6.67,0.1038033,-0.9459566,4,15,12,58,23,750000
"2017-04-15 12:58:24.75",6086,152011,103.2,12.52,69,6.2284,-148,-56.7554,2,11,0.7,369.6,6.739,0.1038067,-0.9459234,4,15,12,58,24,750000
"2017-04-15 12:58:25.75",6087,152012,111.6,12.51,69,6.2286,-148,-56.7517,2,11,0.7,369.2,7.286,0.10381,-0.9458617,4,15,12,58,25,750000
"2017-04-15 12:58:26.75",6088,152013,117.2,12.51,69,6.2285,-148,-56.7508,2,11,0.7,369.2,7.652,0.1038083,-0.9458466,4,15,12,58,26,750000
"2017-04-15 12:58:27.75",6089,152014,114.3,12.51,69,6.2284,-148,-56.7497,2,11,0.7,369,7.460,0.1038067,-0.9458283,4,15,12,58,27,750000
"2017-04-15 12:58:28.5",6090,152015,111.1,12.53,69,6.2288,-148,-56.7489,2,11,0.7,369,7.250,0.1038133,-0.945815,4,15,12,58,28,500000
"2017-04-15 12:58:29.75",6091,152016,120,12.51,69,6.2293,-148,-56.7459,2,11,0.7,368.2,7.830,0.1038217,-0.945765,4,15,12,58,29,750000
"2017-04-15 12:58:30.5",6092,152017,-0.06,12.51,69,6.2296,-148,-56.7451,2,11,0.7,367.9,-0.00,0.1038267,-0.9457516,4,15,12,58,30,500000
"2017-04-15 12:58:31.5",6093,152018,0,12.53,69,6.2296,-148,-56.7443,2,11,0.7,368.1,0,0.1038267,-0.9457384,4,15,12,58,31,500000
"2017-04-15 12:58:32.5",6094,152019,0,12.52,69,6.2299,-148,-56.7411,2,11,0.7,367.4,0,0.1038317,-0.945685,4,15,12,58,32,500000
"2017-04-15 12:58:33.5",6095,152020,0,12.52,69,6.2308,-148,-56.7392,2,11,0.7,367.9,0,0.1038467,-0.9456533,4,15,12,58,33,500000
"2017-04-15 12:58:34.5",6096,152021,119.9,12.51,69,6.2319,-148,-56.7376,2,11,0.7,368.5,7.826,0.103865,-0.9456266,4,15,12,58,34,500000
"2017-04-15 12:58:35.25",6097,152022,-0.06,12.52,69,6.2324,-148,-56.734,2,11,0.7,368.8,-0.00,0.1038733,-0.9455667,4,15,12,58,35,250000
"2017-04-15 12:58:36.25",6098,152023,-0.06,12.51,69,6.2323,-148,-56.7347,2,11,0.7,368.7,-0.00,0.1038717,-0.9455783,4,15,12,58,36,250000
"2017-04-15 12:58:37",6099,152024,15.32,12.51,69,6.2326,-148,-56.7318,2,11,0.7,368.5,1,0.1038767,-0.94553,4,15,12,58,37,0
"2017-04-15 12:58:38",6100,152025,119.9,12.51,69,6.2331,-148,-56.7311,2,11,0.7,368.6,7.826,0.103885,-0.9455183,4,15,12,58,38,0
"2017-04-15 12:58:39",6101,152026,15.88,12.52,69,6.2334,-148,-56.7297,2,11,0.7,368.8,1.036,0.10389,-0.945495,4,15,12,58,39,0
"2017-04-15 12:58:39.75",6102,152027,2.498,12.51,69,6.2332,-148,-56.7272,2,11,0.7,368.5,0.16,0.1038867,-0.9454534,4,15,12,58,39,750000
"2017-04-15 12:58:40.5",6103,152028,6.883,12.51,69,6.2336,-148,-56.7264,2,11,0.7,368.5,0.45,0.1038933,-0.94544,4,15,12,58,40,500000
"2017-04-15 12:58:41.5",6104,152029,6.828,12.52,69,6.2338,-148,-56.7262,2,11,0.7,369.4,0.45,0.1038967,-0.9454366,4,15,12,58,41,500000
"2017-04-15 12:58:42.5",6105,152030,0.22,12.51,69,6.2342,-148,-56.7252,2,11,0.7,369,0.01,0.1039033,-0.94542,4,15,12,58,42,500000
"2017-04-15 12:58:43.25",6106,152031,4.94,12.51,69,6.2346,-148,-56.7238,2,11,0.7,368.6,0.32,0.10391,-0.9453966,4,15,12,58,43,250000
"2017-04-15 12:58:44.25",6107,152032,-0.11,12.51,69,6.235,-148,-56.7199,2,11,0.7,367.8,-0.01,0.1039167,-0.9453316,4,15,12,58,44,250000
"2017-04-15 12:58:45.25",6108,152033,-0.06,12.52,69,6.2351,-148,-56.7194,2,11,0.7,368.2,-0.00,0.1039183,-0.9453233,4,15,12,58,45,250000
"2017-04-15 12:58:46.5",6109,152034,-0.11,12.51,69,6.2354,-148,-56.7186,2,11,0.7,368.1,-0.01,0.1039233,-0.94531,4,15,12,58,46,500000
"2017-04-15 12:58:47.5",6110,152035,120,12.51,69,6.2365,-148,-56.7172,2,10,0.8,366.9,7.833,0.1039417,-0.9452867,4,15,12,58,47,500000
"2017-04-15 12:58:48.5",6111,152036,4.108,12.51,69,6.237,-148,-56.7157,2,11,0.7,367.9,0.27,0.10395,-0.9452617,4,15,12,58,48,500000
"2017-04-15 12:58:49.5",6112,152037,6.772,12.51,69,6.2371,-148,-56.714,2,11,0.7,367.4,0.44,0.1039517,-0.9452334,4,15,12,58,49,500000
"2017-04-15 12:58:50",6113,152038,5.107,12.51,69,6.2368,-148,-56.7149,2,11,0.7,367.9,0.33,0.1039467,-0.9452484,4,15,12,58,50,0
"2017-04-15 12:58:50.5",6114,152039,0.39,12.51,69,6.2372,-148,-56.7122,2,11,0.7,367.6,0.03,0.1039533,-0.9452034,4,15,12,58,50,500000
"2017-04-15 12:58:51.5",6115,152040,6.217,12.52,69,6.2374,-148,-56.7093,2,11,0.7,366.5,0.41,0.1039567,-0.945155,4,15,12,58,51,500000
"2017-04-15 12:58:52.5",6116,152041,119.8,12.51,69,6.2385,-148,-56.7081,2,11,0.7,366.8,7.823,0.103975,-0.945135,4,15,12,58,52,500000
"2017-04-15 12:58:53.25",6117,152042,74.1,12.51,69,6.2377,-148,-56.709,2,11,0.7,366.5,4.837,0.1039617,-0.94515,4,15,12,58,53,250000
"2017-04-15 12:58:54.25",6118,152043,119.9,12.51,69,6.2385,-148,-56.7054,2,11,0.7,365.2,7.826,0.103975,-0.94509,4,15,12,58,54,250000
"2017-04-15 12:58:55.25",6119,152044,6.772,12.51,69,6.2389,-148,-56.7058,2,11,0.7,366.7,0.44,0.1039817,-0.9450966,4,15,12,58,55,250000
"2017-04-15 12:58:55.75",6120,152045,10.1,12.52,69,6.239,-148,-56.7054,2,11,0.7,367.1,0.66,0.1039833,-0.94509,4,15,12,58,55,750000
"2017-04-15 12:58:56.25",6121,152046,5.662,12.51,69,6.2389,-148,-56.7043,2,11,0.7,366.7,0.37,0.1039817,-0.9450716,4,15,12,58,56,250000
"2017-04-15 12:58:57",6122,152047,6.383,12.52,69,6.2395,-148,-56.7022,2,11,0.7,366.4,0.42,0.1039917,-0.9450367,4,15,12,58,57,0
"2017-04-15 12:58:57.75",6123,152048,119.8,12.51,69,6.2399,-148,-56.6994,2,11,0.7,365.2,7.819,0.1039983,-0.94499,4,15,12,58,57,750000
"2017-04-15 12:58:58.5",6124,152049,3.941,12.51,69,6.2399,-148,-56.6974,2,11,0.7,364.7,0.26,0.1039983,-0.9449566,4,15,12,58,58,500000
"2017-04-15 12:58:59.5",6125,152050,120,12.51,69,6.2407,-148,-56.6951,2,11,0.7,363.7,7.830,0.1040117,-0.9449183,4,15,12,58,59,500000
"2017-04-15 12:59:00.25",6126,152051,-0.06,12.52,69,6.2407,-148,-56.6939,2,11,0.7,364.1,-0.00,0.1040117,-0.9448984,4,15,12,59,0,250000
"2017-04-15 12:59:01",6127,152052,-0.06,12.52,69,6.2407,-148,-56.6943,2,11,0.7,364.2,-0.00,0.1040117,-0.944905,4,15,12,59,1,0
"2017-04-15 12:59:01.75",6128,152053,-0.11,12.51,69,6.2413,-148,-56.6926,2,11,0.7,364.3,-0.01,0.1040217,-0.9448766,4,15,12,59,1,750000
"2017-04-15 12:59:02.5",6129,152054,5.329,12.52,69,6.2415,-148,-56.6911,2,11,0.7,364.4,0.35,0.104025,-0.9448517,4,15,12,59,2,500000
"2017-04-15 12:59:03.25",6130,152055,91.1,12.51,69,6.2421,-148,-56.6875,2,11,0.7,364,5.949,0.104035,-0.9447917,4,15,12,59,3,250000
"2017-04-15 12:59:04",6131,152056,86.1,12.51,69,6.2418,-148,-56.6863,2,11,0.7,364.6,5.62,0.10403,-0.9447717,4,15,12,59,4,0
"2017-04-15 12:59:04.75",6132,152057,79.82,12.52,69,6.2423,-148,-56.6857,2,11,0.7,364.7,5.21,0.1040383,-0.9447616,4,15,12,59,4,750000
"2017-04-15 12:59:05.75",6133,152058,74.83,12.51,69,6.2428,-148,-56.685,2,11,0.7,364.6,4.884,0.1040467,-0.94475,4,15,12,59,5,750000
"2017-04-15 12:59:06.5",6134,152059,67.83,12.51,69,6.2433,-148,-56.6822,2,11,0.7,365.1,4.428,0.104055,-0.9447034,4,15,12,59,6,500000
"2017-04-15 12:59:07.25",6135,152060,62.39,12.51,69,6.2437,-148,-56.6794,2,11,0.7,364.3,4.073,0.1040617,-0.9446566,4,15,12,59,7.000,250000
"2017-04-15 12:59:08.25",6136,152061,55.51,12.51,69,6.2438,-148,-56.6789,2,11,0.7,364.5,3.623,0.1040633,-0.9446484,4,15,12,59,8,250000
"2017-04-15 12:59:09",6137,152062,54.34,12.51,69,6.2445,-148,-56.6769,2,11,0.7,365,3.547,0.104075,-0.944615,4,15,12,59,9,0
"2017-04-15 12:59:09.75",6138,152063,46.13,12.51,69,6.2449,-148,-56.6748,2,11,0.7,364.3,3.011,0.1040817,-0.94458,4,15,12,59,9,750000
"2017-04-15 12:59:10.5",6139,152064,41.41,12.51,69,6.2451,-148,-56.6741,2,11,0.7,364,2.703,0.104085,-0.9445683,4,15,12,59,10,500000
"2017-04-15 12:59:11.5",6140,152065,37.36,12.51,69,6.2454,-148,-56.6731,2,11,0.7,364,2.438,0.10409,-0.9445517,4,15,12,59,11,500000
"2017-04-15 12:59:12.5",6141,152066,34.08,12.51,69,6.2465,-148,-56.6713,2,11,0.7,364.1,2.225,0.1041083,-0.9445217,4,15,12,59,12,500000
"2017-04-15 12:59:13.25",6142,152067,31.36,12.51,69,6.2465,-148,-56.6701,2,11,0.7,363.7,2.047,0.1041083,-0.9445017,4,15,12,59,13,250000
"2017-04-15 12:59:14",6143,152068,28.42,12.51,69,6.2465,-148,-56.6687,2,11,0.7,363.1,1.855,0.1041083,-0.9444783,4,15,12,59,14,0
"2017-04-15 12:59:14.75",6144,153001,87,12.51,69,6.2669,-148,-56.8523,2,10,0.8,376.5,5.677,0.1044483,-0.9475383,4,15,12,59,14,750000
"2017-04-15 12:59:15.25",6145,153002,102.8,12.51,69,6.2671,-148,-56.8511,2,10,0.8,376.7,6.71,0.1044517,-0.9475183,4,15,12,59,15,250000
"2017-04-15 12:59:15.75",6146,153003,106,12.51,69,6.2674,-148,-56.8487,2,10,0.8,376,6.916,0.1044567,-0.9474783,4,15,12,59,15,750000
"2017-04-15 12:59:16.5",6147,153004,111,12.51,69,6.2676,-148,-56.8436,2,10,0.8,375.2,7.243,0.10446,-0.9473934,4,15,12,59,16,500000
"2017-04-15 12:59:17.5",6148,153005,115.6,12.51,69,6.2673,-148,-56.8439,2,10,0.8,374.9,7.547,0.104455,-0.9473983,4,15,12,59,17,500000
"2017-04-15 12:59:18",6149,153006,119.8,12.51,69,6.2674,-148,-56.8422,2,9,0.8,374.9,7.822,0.1044567,-0.94737,4,15,12,59,18,0
"2017-04-15 12:59:19",6150,153007,120,12.51,69,6.2675,-148,-56.8399,2,10,0.8,374.5,7.833,0.1044583,-0.9473317,4,15,12,59,19,0
"2017-04-15 12:59:19.75",6151,153008,119.9,12.51,69,6.2676,-148,-56.8388,2,10,0.8,374.5,7.829,0.10446,-0.9473133,4,15,12,59,19,750000
"2017-04-15 12:59:20.75",6152,153009,-0.11,12.51,69,6.2679,-148,-56.8377,2,10,0.8,373.8,-0.01,0.104465,-0.947295,4,15,12,59,20,750000
"2017-04-15 12:59:21.25",6153,153010,8.88,12.51,69,6.2681,-148,-56.8344,2,10,0.8,373.9,0.58,0.1044683,-0.94724,4,15,12,59,21,250000
"2017-04-15 12:59:22.25",6154,153011,8.49,12.51,69,6.2681,-148,-56.8332,2,10,0.8,374.2,0.55,0.1044683,-0.94722,4,15,12,59,22,250000
"2017-04-15 12:59:23.25",6155,153012,7.882,12.51,69,6.2681,-148,-56.8314,2,10,0.8,373.6,0.51,0.1044683,-0.9471901,4,15,12,59,23,250000
"2017-04-15 12:59:24",6156,153013,10.16,12.51,69,6.268,-148,-56.8304,2,10,0.8,373,0.66,0.1044667,-0.9471733,4,15,12,59,24,0
"2017-04-15 12:59:25",6157,153014,16.71,12.51,69,6.2681,-148,-56.8295,2,10,0.8,373.5,1.091,0.1044683,-0.9471582,4,15,12,59,25,0
"2017-04-15 12:59:26",6158,153015,23.48,12.51,69,6.2682,-148,-56.8266,2,10,0.8,373,1.533,0.10447,-0.94711,4,15,12,59,26,0
"2017-04-15 12:59:26.75",6159,153016,119.8,12.51,69,6.2683,-148,-56.8237,2,10,0.8,372.8,7.822,0.1044717,-0.9470617,4,15,12,59,26,750000
"2017-04-15 12:59:27.25",6160,153017,5.495,12.51,69,6.2691,-148,-56.8207,2,10,0.8,372.7,0.36,0.104485,-0.9470117,4,15,12,59,27,250000
"2017-04-15 12:59:27.75",6161,153018,4.052,12.51,69,6.2694,-148,-56.8208,2,10,0.8,373.1,0.26,0.10449,-0.9470133,4,15,12,59,27,750000
"2017-04-15 12:59:28.25",6162,153019,9.05,12.51,69,6.2691,-148,-56.817,2,10,0.8,372.9,0.59,0.104485,-0.94695,4,15,12,59,28,250000
"2017-04-15 12:59:29",6163,153020,8.21,12.51,69,6.2688,-148,-56.8141,2,10,0.8,371.9,0.54,0.10448,-0.9469016,4,15,12,59,29,0
"2017-04-15 12:59:30",6164,153021,4.551,12.51,69,6.2689,-148,-56.8127,2,10,0.8,372.3,0.30,0.1044817,-0.9468783,4,15,12,59,30,0
"2017-04-15 12:59:31",6165,153022,2.109,12.51,69,6.269,-148,-56.8115,2,10,0.8,372.5,0.14,0.1044833,-0.9468583,4,15,12,59,31,0
"2017-04-15 12:59:32.25",6166,153023,3.774,12.51,69,6.2688,-148,-56.8085,2,10,0.8,372,0.25,0.10448,-0.9468082,4,15,12,59,32,250000
"2017-04-15 12:59:33.25",6167,153024,3.275,12.51,69,6.2689,-148,-56.8054,2,10,0.8,371.8,0.21,0.1044817,-0.9467566,4,15,12,59,33,250000
"2017-04-15 12:59:33.75",6168,153025,6.993,12.51,69,6.2691,-148,-56.8036,2,10,0.8,371.9,0.46,0.104485,-0.9467266,4,15,12,59,33,750000
"2017-04-15 12:59:34.5",6169,153026,119.8,12.51,69,6.2685,-148,-56.7976,2,10,0.8,370.8,7.822,0.104475,-0.9466266,4,15,12,59,34,500000
"2017-04-15 12:59:35.5",6170,153027,4.052,12.51,69,6.2682,-148,-56.797,2,10,0.8,371.5,0.26,0.10447,-0.9466167,4,15,12,59,35,500000
"2017-04-15 12:59:36",6171,153028,5.772,12.51,69,6.2685,-148,-56.7948,2,10,0.8,371.1,0.38,0.104475,-0.94658,4,15,12,59,36,0
"2017-04-15 12:59:36.75",6172,153029,4.995,12.51,69,6.2687,-148,-56.7928,2,10,0.8,371.4,0.33,0.1044783,-0.9465466,4,15,12,59,36,750000
"2017-04-15 12:59:37.75",6173,153030,11.66,12.51,69,6.2691,-148,-56.7865,2,10,0.8,370.5,0.76,0.104485,-0.9464417,4,15,12,59,37,750000
"2017-04-15 12:59:38.5",6174,153031,25.48,12.51,69,6.2692,-148,-56.7854,2,10,0.8,370.9,1.663,0.1044867,-0.9464234,4,15,12,59,38,500000
"2017-04-15 12:59:39.5",6175,153032,5.661,12.51,69,6.2698,-148,-56.7817,2,10,0.8,370.8,0.37,0.1044967,-0.9463617,4,15,12,59,39,500000
"2017-04-15 12:59:40.25",6176,153033,3.275,12.51,69,6.2695,-148,-56.7804,2,10,0.8,370.6,0.21,0.1044917,-0.94634,4,15,12,59,40,250000
"2017-04-15 12:59:40.75",6177,153034,4.718,12.51,69,6.2697,-148,-56.7776,2,10,0.8,370.7,0.31,0.104495,-0.9462933,4,15,12,59,40,750000
"2017-04-15 12:59:41.75",6178,153035,7.104,12.51,69,6.2696,-148,-56.7764,2,10,0.8,370.7,0.46,0.1044933,-0.9462734,4,15,12,59,41,750000
"2017-04-15 12:59:42.5",6179,153036,0.78,12.51,69,6.27,-148,-56.7739,2,10,0.8,370.6,0.05,0.1045,-0.9462317,4,15,12,59,42,500000
"2017-04-15 12:59:43.25",6180,153037,2.553,12.51,69,6.27,-148,-56.7717,2,10,0.8,370.1,0.17,0.1045,-0.946195,4,15,12,59,43,250000
"2017-04-15 12:59:43.75",6181,153038,4.607,12.51,69,6.2706,-148,-56.7688,2,10,0.8,370,0.30,0.10451,-0.9461466,4,15,12,59,43,750000
"2017-04-15 12:59:44.5",6182,153039,119.9,12.51,69,6.2704,-148,-56.7659,2,10,0.8,369.2,7.825,0.1045067,-0.9460983,4,15,12,59,44,500000
"2017-04-15 12:59:45",6183,153040,-0.06,12.51,69,6.2707,-148,-56.7661,2,10,0.8,369.7,-0.00,0.1045117,-0.9461018,4,15,12,59,45,0
"2017-04-15 12:59:46.25",6184,153041,0,12.51,69,6.2707,-148,-56.7639,2,10,0.8,369.3,0,0.1045117,-0.946065,4,15,12,59,46,250000
"2017-04-15 12:59:47",6185,153042,3.885,12.5,69,6.2707,-148,-56.7622,2,10,0.8,369,0.25,0.1045117,-0.9460366,4,15,12,59,47,0
"2017-04-15 12:59:47.5",6186,153043,-0.06,12.51,69,6.2704,-148,-56.7578,2,10,0.8,368.4,-0.00,0.1045067,-0.9459634,4,15,12,59,47,500000
"2017-04-15 12:59:48.25",6187,153044,6.605,12.5,69,6.2702,-148,-56.7553,2,10,0.8,368.9,0.43,0.1045033,-0.9459217,4,15,12,59,48,250000
"2017-04-15 12:59:49.25",6188,153045,118.3,12.51,69,6.2702,-148,-56.7491,2,9,0.9,367.4,7.724,0.1045033,-0.9458183,4,15,12,59,49,250000
"2017-04-15 12:59:49.75",6189,153046,118.6,12.51,69,6.271,-148,-56.7506,2,9,0.9,366.9,7.742,0.1045167,-0.9458434,4,15,12,59,49,750000
"2017-04-15 12:59:50.5",6190,153047,120,12.51,69,6.2709,-148,-56.7491,2,10,0.8,368,7.833,0.104515,-0.9458183,4,15,12,59,50,500000
"2017-04-15 12:59:51.25",6191,153048,119.9,12.5,69,6.2715,-148,-56.7461,2,10,0.8,368.9,7.829,0.104525,-0.9457683,4,15,12,59,51,250000
"2017-04-15 12:59:52",6192,153049,7.493,12.51,69,6.271,-148,-56.7439,2,10,0.8,368.7,0.49,0.1045167,-0.9457317,4,15,12,59,52,0
"2017-04-15 12:59:52.75",6193,153050,119.9,12.5,69,6.2706,-148,-56.7413,2,10,0.8,367.4,7.829,0.10451,-0.9456883,4,15,12,59,52,750000
"2017-04-15 12:59:53.75",6194,153051,2.553,12.5,69,6.2709,-148,-56.7399,2,10,0.8,367.6,0.17,0.104515,-0.945665,4,15,12,59,53,750000
"2017-04-15 12:59:54.5",6195,153052,5.55,12.5,69,6.2715,-148,-56.738,2,10,0.8,367.5,0.36,0.104525,-0.9456333,4,15,12,59,54,500000
"2017-04-15 12:59:55.25",6196,153053,6.882,12.51,69,6.2718,-148,-56.7351,2,10,0.8,366.2,0.45,0.10453,-0.945585,4,15,12,59,55,250000
"2017-04-15 12:59:56.25",6197,153054,94,12.5,69,6.2714,-148,-56.734,2,10,0.8,366.6,6.133,0.1045233,-0.9455667,4,15,12,59,56,250000
"2017-04-15 12:59:56.75",6198,153055,89.4,12.5,69,6.2716,-148,-56.7326,2,10,0.8,366.2,5.836,0.1045267,-0.9455434,4,15,12,59,56,750000
"2017-04-15 12:59:57.5",6199,153056,81.9,12.51,69,6.2716,-148,-56.7308,2,10,0.8,366.5,5.347,0.1045267,-0.9455134,4,15,12,59,57,500000
"2017-04-15 12:59:58.25",6200,153057,76.26,12.5,69,6.2719,-148,-56.7292,2,10,0.8,366.5,4.978,0.1045317,-0.9454866,4,15,12,59,58,250000
"2017-04-15 12:59:59.25",6201,153058,70.26,12.5,69,6.2717,-148,-56.7273,2,10,0.8,366.9,4.586,0.1045283,-0.945455,4,15,12,59,59,250000
"2017-04-15 12:59:59.75",6202,153059,63.49,12.51,69,6.2718,-148,-56.7256,2,10,0.8,366.8,4.144,0.10453,-0.9454267,4,15,12,59,59,750000
"2017-04-15 13:00:00.75",6203,153060,58.05,12.5,69,6.2719,-148,-56.7238,2,10,0.8,367.7,3.789,0.1045317,-0.9453966,4,15,13,0,0,750000
"2017-04-15 13:00:01.5",6204,153061,53.22,12.51,69,6.272,-148,-56.7211,2,10,0.8,367,3.474,0.1045333,-0.9453517,4,15,13,0,1,500000
"2017-04-15 13:00:02.25",6205,153062,45.4,12.5,69,6.2723,-148,-56.7202,2,10,0.8,367.1,2.963,0.1045383,-0.9453366,4,15,13,0,2,250000
"2017-04-15 13:00:03",6206,153063,38.46,12.51,69,6.2724,-148,-56.7161,2,10,0.8,365.8,2.511,0.10454,-0.9452683,4,15,13,0,3,0
"2017-04-15 13:00:03.75",6207,153064,32.58,12.51,69,6.2724,-148,-56.7143,2,9,0.8,365.9,2.127,0.10454,-0.9452383,4,15,13,0,3,750000
"2017-04-15 13:00:04.5",6208,153065,26.75,12.5,69,6.2725,-148,-56.7133,2,10,0.8,366.3,1.746,0.1045417,-0.9452217,4,15,13,0,4,500000
"2017-04-15 13:00:05.75",6209,153066,19.43,12.51,69,6.2723,-148,-56.7089,2,10,0.8,365,1.268,0.1045383,-0.9451483,4,15,13,0,5,750000
"2017-04-15 13:00:06.5",6210,153067,15.15,12.51,69,6.2724,-148,-56.7082,2,10,0.8,365.1,0.99,0.10454,-0.9451366,4,15,13,0,6,500000
"2017-04-15 13:00:07.25",6211,153068,11.66,12.5,69,6.2727,-148,-56.7056,2,10,0.8,364,0.76,0.104545,-0.9450934,4,15,13,0,7.000,250000
"2017-04-15 13:00:08",6212,153069,11.54,12.51,69,6.2729,-148,-56.7022,2,10,0.8,364.1,0.75,0.1045483,-0.9450367,4,15,13,0,8,0
"2017-04-15 13:00:08.5",6213,153070,11.66,12.51,69,6.2731,-148,-56.7005,2,10,0.8,364.1,0.76,0.1045517,-0.9450083,4,15,13,0,8,500000
"2017-04-15 13:00:09.5",6214,154001,47.73,12.51,69,6.326,-148,-56.8752,2,10,0.8,373.7,3.115,0.1054333,-0.94792,4,15,13,0,9,500000
"2017-04-15 13:00:10.25",6215,154002,46.73,12.51,69,6.326,-148,-56.8751,2,10,0.8,373.7,3.05,0.1054333,-0.9479183,4,15,13,0,10,250000
"2017-04-15 13:00:10.75",6216,154003,53.06,12.51,69,6.3254,-148,-56.8726,2,10,0.8,374,3.463,0.1054233,-0.9478767,4,15,13,0,10,750000
"2017-04-15 13:00:11.5",6217,154004,70.98,12.51,69,6.3253,-148,-56.871,2,10,0.8,374.3,4.633,0.1054217,-0.94785,4,15,13,0,11,500000
"2017-04-15 13:00:12.25",6218,154005,57.16,12.51,69,6.3252,-148,-56.8679,2,10,0.8,374.7,3.731,0.10542,-0.9477984,4,15,13,0,12,250000
"2017-04-15 13:00:13",6219,154006,67.43,12.51,69,6.325,-148,-56.8655,2,10,0.8,374.7,4.401,0.1054167,-0.9477584,4,15,13,0,13,0
"2017-04-15 13:00:13.75",6220,154007,56.66,12.51,69,6.3248,-148,-56.863,2,10,0.8,374.7,3.699,0.1054133,-0.9477166,4,15,13,0,13,750000
"2017-04-15 13:00:14.25",6221,154008,57.5,12.5,69,6.3245,-148,-56.8604,2,10,0.8,374.7,3.753,0.1054083,-0.9476734,4,15,13,0,14,250000
"2017-04-15 13:00:15.25",6222,154009,90.1,12.5,69,6.3243,-148,-56.8572,2,10,0.8,374.3,5.883,0.105405,-0.94762,4,15,13,0,15,250000
"2017-04-15 13:00:16.25",6223,154010,77.75,12.51,69,6.324,-148,-56.8547,2,10,0.8,374.5,5.075,0.1054,-0.9475783,4,15,13,0,16,250000
"2017-04-15 13:00:17.25",6224,154011,81.1,12.51,69,6.3235,-148,-56.8516,2,10,0.8,375.1,5.296,0.1053917,-0.9475267,4,15,13,0,17,250000
"2017-04-15 13:00:18",6225,154012,92.5,12.5,69,6.3233,-148,-56.8499,2,10,0.8,374.9,6.039,0.1053883,-0.9474983,4,15,13,0,18,0
"2017-04-15 13:00:18.75",6226,154013,87.3,12.5,69,6.3229,-148,-56.8481,2,10,0.8,375,5.698,0.1053817,-0.9474683,4,15,13,0,18,750000
"2017-04-15 13:00:19.5",6227,154014,94,12.5,69,6.3223,-148,-56.846,2,10,0.8,374.9,6.137,0.1053717,-0.9474334,4,15,13,0,19,500000
"2017-04-15 13:00:20",6228,154015,87.7,12.51,69,6.3219,-148,-56.8435,2,10,0.8,375.2,5.724,0.105365,-0.9473916,4,15,13,0,20,0
"2017-04-15 13:00:20.5",6229,154016,91.8,12.5,69,6.3214,-148,-56.8401,2,10,0.8,374.8,5.995,0.1053567,-0.947335,4,15,13,0,20,500000
"2017-04-15 13:00:21.25",6230,154017,105.3,12.5,69,6.3215,-148,-56.8384,2,10,0.8,374.1,6.872,0.1053583,-0.9473067,4,15,13,0,21,250000
"2017-04-15 13:00:22",6231,154018,111.1,12.51,69,6.3207,-148,-56.835,2,10,0.8,374.3,7.252,0.105345,-0.94725,4,15,13,0,22,0
"2017-04-15 13:00:22.5",6232,154019,99.3,12.51,69,6.3205,-148,-56.8309,2,10,0.8,374.5,6.481,0.1053417,-0.9471817,4,15,13,0,22,500000
"2017-04-15 13:00:23.25",6233,154020,95.3,12.5,69,6.3204,-148,-56.8289,2,10,0.8,374.4,6.22,0.10534,-0.9471483,4,15,13,0,23,250000
"2017-04-15 13:00:24.25",6234,154021,94.9,12.5,69,6.3198,-148,-56.8272,2,10,0.8,374.2,6.195,0.10533,-0.94712,4,15,13,0,24,250000
"2017-04-15 13:00:25.5",6235,154022,93,12.51,69,6.3193,-148,-56.8255,2,10,0.8,373.6,6.071,0.1053217,-0.9470917,4,15,13,0,25,500000
"2017-04-15 13:00:26.5",6236,154023,95,12.51,69,6.3192,-148,-56.824,2,10,0.8,373.6,6.198,0.10532,-0.9470666,4,15,13,0,26,500000
"2017-04-15 13:00:27.25",6237,154024,94.1,12.5,69,6.319,-148,-56.8213,2,10,0.8,374,6.144,0.1053167,-0.9470217,4,15,13,0,27,250000
"2017-04-15 13:00:27.75",6238,154025,103.2,12.5,69,6.3189,-148,-56.8186,2,10,0.8,373.6,6.734,0.105315,-0.9469766,4,15,13,0,27,750000
"2017-04-15 13:00:28.5",6239,154026,111.4,12.5,69,6.3188,-148,-56.816,2,10,0.8,373.8,7.274,0.1053133,-0.9469334,4,15,13,0,28,500000
"2017-04-15 13:00:29.25",6240,154027,101.6,12.5,69,6.3184,-148,-56.814,2,10,0.8,373.3,6.629,0.1053067,-0.9469,4,15,13,0,29,250000
"2017-04-15 13:00:30",6241,154028,97.2,12.51,69,6.3179,-148,-56.8124,2,10,0.8,374,6.347,0.1052983,-0.9468734,4,15,13,0,30,0
"2017-04-15 13:00:30.75",6242,154029,106.5,12.51,69,6.3178,-148,-56.8105,2,10,0.8,374.1,6.951,0.1052967,-0.9468417,4,15,13,0,30,750000
"2017-04-15 13:00:31.5",6243,154030,111.4,12.5,69,6.3179,-148,-56.8069,2,10,0.8,373.6,7.274,0.1052983,-0.9467817,4,15,13,0,31,500000
"2017-04-15 13:00:32.25",6244,154031,110.3,12.5,69,6.318,-148,-56.8046,2,10,0.8,373.3,7.198,0.1053,-0.9467433,4,15,13,0,32,250000
"2017-04-15 13:00:33.25",6245,154032,101.2,12.51,69,6.3175,-148,-56.8031,2,10,0.8,373.3,6.607,0.1052917,-0.9467183,4,15,13,0,33,250000
"2017-04-15 13:00:34.25",6246,154033,111.3,12.5,69,6.317,-148,-56.8012,2,10,0.8,373.5,7.267,0.1052833,-0.9466867,4,15,13,0,34,250000
"2017-04-15 13:00:35",6247,154034,102.7,12.51,69,6.3169,-148,-56.7994,2,10,0.8,374,6.702,0.1052817,-0.9466566,4,15,13,0,35,0
"2017-04-15 13:00:35.75",6248,154035,111.3,12.51,69,6.3164,-148,-56.7975,2,10,0.8,374.2,7.263,0.1052733,-0.946625,4,15,13,0,35,750000
"2017-04-15 13:00:36.5",6249,154036,114.9,12.5,69,6.3158,-148,-56.7934,2,10,0.8,373.6,7.499,0.1052633,-0.9465567,4,15,13,0,36,500000
"2017-04-15 13:00:37",6250,154037,117.8,12.5,69,6.3155,-148,-56.7907,2,10,0.8,372.3,7.687,0.1052583,-0.9465116,4,15,13,0,37,0
"2017-04-15 13:00:37.5",6251,154038,111.4,12.5,69,6.3155,-148,-56.7897,2,10,0.8,373,7.270,0.1052583,-0.946495,4,15,13,0,37,500000
"2017-04-15 13:00:38.5",6252,154039,119.7,12.51,69,6.3153,-148,-56.7858,2,10,0.8,372,7.814,0.105255,-0.94643,4,15,13,0,38,500000
"2017-04-15 13:00:39.5",6253,154040,119.9,12.5,69,6.3146,-148,-56.782,2,10,0.8,371.5,7.828,0.1052433,-0.9463666,4,15,13,0,39,500000
"2017-04-15 13:00:40.5",6254,154041,2.442,12.5,69,6.3143,-148,-56.7836,2,10,0.8,372,0.16,0.1052383,-0.9463933,4,15,13,0,40,500000
"2017-04-15 13:00:41.25",6255,154042,4.939,12.51,69,6.3145,-148,-56.7804,2,10,0.8,370.8,0.32,0.1052417,-0.94634,4,15,13,0,41,250000
"2017-04-15 13:00:42.25",6256,154043,9.60,12.51,69,6.3143,-148,-56.78,2,10,0.8,371.3,0.63,0.1052383,-0.9463333,4,15,13,0,42,250000
"2017-04-15 13:00:43.25",6257,154044,4.939,12.51,69,6.314,-148,-56.7764,2,10,0.8,371.1,0.32,0.1052333,-0.9462734,4,15,13,0,43,250000
"2017-04-15 13:00:44",6258,154045,0,12.51,69,6.3138,-148,-56.7736,2,10,0.8,370.9,0,0.10523,-0.9462267,4,15,13,0,44,0
"2017-04-15 13:00:45",6259,154046,-0.06,12.5,69,6.3142,-148,-56.7701,2,10,0.8,369.9,-0.00,0.1052367,-0.9461683,4,15,13,0,45,0
"2017-04-15 13:00:46",6260,154047,6.049,12.51,69,6.3136,-148,-56.7693,2,10,0.8,370.8,0.40,0.1052267,-0.946155,4,15,13,0,46,0
"2017-04-15 13:00:47",6261,154048,6.215,12.5,69,6.3135,-148,-56.7666,2,10,0.8,370.3,0.41,0.105225,-0.94611,4,15,13,0,47,0
"2017-04-15 13:00:48.25",6262,154049,6.715,12.51,69,6.3129,-148,-56.7639,2,10,0.8,370.1,0.44,0.105215,-0.946065,4,15,13,0,48,250000
"2017-04-15 13:00:49",6263,154050,10.71,12.5,69,6.3126,-148,-56.7626,2,10,0.8,370.2,0.70,0.10521,-0.9460433,4,15,13,0,49,0
"2017-04-15 13:00:50",6264,154051,120,12.5,69,6.312,-148,-56.7578,2,10,0.8,369.2,7.832,0.1052,-0.9459634,4,15,13,0,50,0
"2017-04-15 13:00:50.75",6265,154052,2.22,12.5,69,6.312,-148,-56.7568,2,10,0.8,369.6,0.15,0.1052,-0.9459467,4,15,13,0,50,750000
"2017-04-15 13:00:51.75",6266,154053,9.32,12.51,69,6.3115,-148,-56.757,2,10,0.8,369.8,0.61,0.1051917,-0.94595,4,15,13,0,51,750000
"2017-04-15 13:00:52.25",6267,154054,8.21,12.5,69,6.3115,-148,-56.7533,2,10,0.8,369.9,0.54,0.1051917,-0.9458883,4,15,13,0,52,250000
"2017-04-15 13:00:52.75",6268,154055,4.939,12.5,69,6.3113,-148,-56.7506,2,10,0.8,369.8,0.32,0.1051883,-0.9458434,4,15,13,0,52,750000
"2017-04-15 13:00:53.5",6269,154056,5.272,12.51,69,6.311,-148,-56.7487,2,10,0.8,369.4,0.34,0.1051833,-0.9458116,4,15,13,0,53,500000
"2017-04-15 13:00:54.25",6270,154057,8.10,12.5,69,6.3105,-148,-56.7467,2,10,0.8,369,0.53,0.105175,-0.9457783,4,15,13,0,54,250000
"2017-04-15 13:00:55.25",6271,154058,4.106,12.49,69,6.3102,-148,-56.7439,2,10,0.8,368.4,0.27,0.10517,-0.9457317,4,15,13,0,55,250000
"2017-04-15 13:00:56",6272,154059,4.495,12.5,69,6.3101,-148,-56.741,2,10,0.8,367.6,0.29,0.1051683,-0.9456834,4,15,13,0,56,0
"2017-04-15 13:00:56.5",6273,154060,120,12.49,69,6.3094,-148,-56.7387,2,10,0.8,367.4,7.831,0.1051567,-0.945645,4,15,13,0,56,500000
"2017-04-15 13:00:57.25",6274,154061,5.605,12.49,69,6.3092,-148,-56.7377,2,10,0.8,366.3,0.37,0.1051533,-0.9456283,4,15,13,0,57,250000
"2017-04-15 13:00:57.75",6275,154062,5.383,12.5,69,6.3089,-148,-56.7364,2,10,0.8,365.7,0.35,0.1051483,-0.9456066,4,15,13,0,57,750000
"2017-04-15 13:00:58.25",6276,154063,8.82,12.51,69,6.3087,-148,-56.7331,2,10,0.8,365.8,0.58,0.105145,-0.9455517,4,15,13,0,58,250000
"2017-04-15 13:00:58.75",6277,154064,9.60,12.51,69,6.3084,-148,-56.7302,2,10,0.8,365.7,0.63,0.10514,-0.9455034,4,15,13,0,58,750000
"2017-04-15 13:00:59.25",6278,154065,120,12.5,69,6.308,-148,-56.7275,2,10,0.8,365.1,7.831,0.1051333,-0.9454583,4,15,13,0,59,250000
"2017-04-15 13:01:00.25",6279,154066,8.66,12.5,69,6.3076,-148,-56.7266,2,10,0.8,366.3,0.57,0.1051267,-0.9454434,4,15,13,1,0,250000
"2017-04-15 13:01:01.5",6280,154067,0.94,12.51,69,6.3076,-148,-56.7236,2,10,0.8,366.3,0.06,0.1051267,-0.9453934,4,15,13,1,1,500000
"2017-04-15 13:01:02",6281,154068,105.3,12.49,69,6.3071,-148,-56.7205,2,10,0.8,365.1,6.871,0.1051183,-0.9453417,4,15,13,1,2,0
"2017-04-15 13:01:03.25",6282,154069,99.4,12.51,69,6.3069,-148,-56.7211,2,10,0.8,366.2,6.487,0.105115,-0.9453517,4,15,13,1,3,250000
"2017-04-15 13:01:04",6283,154070,88,12.49,69,6.3068,-148,-56.7188,2,10,0.8,365.3,5.741,0.1051133,-0.9453134,4,15,13,1,4,0
"2017-04-15 13:01:04.75",6284,154071,75.91,12.49,69,6.3062,-148,-56.7171,2,10,0.8,365.9,4.955,0.1051033,-0.945285,4,15,13,1,4,750000
"2017-04-15 13:01:05.5",6285,154072,62.15,12.49,69,6.3061,-148,-56.7141,2,10,0.8,366.1,4.057,0.1051017,-0.945235,4,15,13,1,5,500000
"2017-04-15 13:01:06.25",6286,154073,52.55,12.5,69,6.3058,-148,-56.7121,2,10,0.8,366.1,3.43,0.1050967,-0.9452017,4,15,13,1,6,250000
"2017-04-15 13:01:07",6287,154074,44.17,12.51,69,6.3056,-148,-56.7104,2,10,0.8,365.7,2.883,0.1050933,-0.9451734,4,15,13,1,7.000,0
"2017-04-15 13:01:07.75",6288,154075,39.01,12.5,69,6.3053,-148,-56.7075,2,10,0.8,364.9,2.546,0.1050883,-0.945125,4,15,13,1,7.000,750000
"2017-04-15 13:01:08.75",6289,154076,29.91,12.51,69,6.3051,-148,-56.7055,2,10,0.8,365.8,1.952,0.105085,-0.9450917,4,15,13,1,8,750000
"2017-04-15 13:01:09.25",6290,154077,29.91,12.49,69,6.3049,-148,-56.7018,2,10,0.8,365.2,1.952,0.1050817,-0.94503,4,15,13,1,9,250000
"2017-04-15 13:01:10.25",6291,154078,25.58,12.51,69,6.3049,-148,-56.7012,2,10,0.8,365.7,1.67,0.1050817,-0.94502,4,15,13,1,10,250000
"2017-04-15 13:01:10.75",6292,154079,20.31,12.5,69,6.3041,-148,-56.6962,2,9,0.8,365.6,1.326,0.1050683,-0.9449367,4,15,13,1,10,750000
"2017-04-15 13:01:11.5",6293,154080,18.7,12.51,69,6.3041,-148,-56.694,2,9,0.8,365,1.221,0.1050683,-0.9449,4,15,13,1,11,500000
"2017-04-15 13:01:12.75",6294,154081,17.87,12.51,69,6.3037,-148,-56.6933,2,10,0.8,365.4,1.166,0.1050617,-0.9448883,4,15,13,1,12,750000
"2017-04-15 13:01:14",6295,154082,16.04,12.49,69,6.3034,-148,-56.6924,2,10,0.8,365.7,1.047,0.1050567,-0.9448734,4,15,13,1,14,0
"2017-04-15 13:01:15",6296,154083,14.43,12.5,69,6.3031,-148,-56.688,2,10,0.8,365.8,0.94,0.1050517,-0.9448,4,15,13,1,15,0
"2017-04-15 13:01:15.75",6297,154084,14.54,12.5,69,6.3027,-148,-56.6851,2,10,0.8,365.1,0.95,0.105045,-0.9447517,4,15,13,1,15,750000
"2017-04-15 13:01:16.5",6298,154085,14.09,12.5,69,6.3024,-148,-56.6818,2,10,0.8,365.3,0.92,0.10504,-0.9446966,4,15,13,1,16,500000
"2017-04-15 13:01:17.25",6299,155001,81.5,12.5,69,6.3698,-148,-56.7842,2,10,0.8,370.3,5.321,0.1061633,-0.9464034,4,15,13,1,17,250000
"2017-04-15 13:01:18.25",6300,155002,84.9,12.5,69,6.3698,-148,-56.784,2,10,0.9,370.3,5.542,0.1061633,-0.9464,4,15,13,1,18,250000
"2017-04-15 13:01:19.25",6301,155003,99.2,12.5,69,6.3692,-148,-56.7812,2,10,0.8,370.5,6.476,0.1061533,-0.9463533,4,15,13,1,19,250000
"2017-04-15 13:01:20",6302,155004,94.3,12.5,69,6.3686,-148,-56.7799,2,10,0.8,370.9,6.157,0.1061433,-0.9463317,4,15,13,1,20,0
"2017-04-15 13:01:20.75",6303,155005,106.7,12.5,69,6.3674,-148,-56.7764,2,10,0.8,372,6.962,0.1061233,-0.9462734,4,15,13,1,20,750000
"2017-04-15 13:01:21.75",6304,155006,99.6,12.5,69,6.3668,-148,-56.7749,2,10,0.8,371.6,6.502,0.1061133,-0.9462483,4,15,13,1,21,750000
"2017-04-15 13:01:22.5",6305,155007,119.9,12.49,69,6.3651,-148,-56.7721,2,10,0.8,370.1,7.827,0.106085,-0.9462016,4,15,13,1,22,500000
"2017-04-15 13:01:23",6306,155008,102.9,12.49,69,6.3656,-148,-56.7707,2,10,0.8,373.4,6.715,0.1060933,-0.9461783,4,15,13,1,23,0
"2017-04-15 13:01:23.75",6307,155009,94.9,12.5,69,6.365,-148,-56.7664,2,10,0.8,373,6.194,0.1060833,-0.9461066,4,15,13,1,23,750000
"2017-04-15 13:01:24.25",6308,155010,120,12.49,69,6.3641,-148,-56.7642,2,10,0.8,372.4,7.831,0.1060683,-0.9460699,4,15,13,1,24,250000
"2017-04-15 13:01:25",6309,155011,112.5,12.49,69,6.3634,-148,-56.7618,2,10,0.8,372,7.342,0.1060567,-0.94603,4,15,13,1,25,0
"2017-04-15 13:01:25.75",6310,155012,114.5,12.5,69,6.363,-148,-56.7599,2,10,0.8,371.6,7.476,0.10605,-0.9459983,4,15,13,1,25,750000
"2017-04-15 13:01:26.5",6311,155013,117,12.5,69,6.3624,-148,-56.758,2,10,0.8,371.2,7.635,0.10604,-0.9459666,4,15,13,1,26,500000
"2017-04-15 13:01:27",6312,155014,100.1,12.5,69,6.3615,-148,-56.7552,2,10,0.8,371.3,6.534,0.106025,-0.94592,4,15,13,1,27,0
"2017-04-15 13:01:27.75",6313,155015,108.1,12.49,69,6.3609,-148,-56.7522,2,10,0.8,371.4,7.056,0.106015,-0.9458701,4,15,13,1,27,750000
"2017-04-15 13:01:28.75",6314,155016,107.3,12.5,69,6.3605,-148,-56.7512,2,10,0.8,371.1,7.005,0.1060083,-0.9458534,4,15,13,1,28,750000
"2017-04-15 13:01:29.25",6315,155017,117.9,12.5,69,6.3589,-148,-56.7467,2,10,0.8,370.8,7.693,0.1059817,-0.9457783,4,15,13,1,29,250000
"2017-04-15 13:01:30",6316,155018,103.5,12.5,69,6.3586,-148,-56.7458,2,10,0.8,369.6,6.759,0.1059767,-0.9457634,4,15,13,1,30,0
"2017-04-15 13:01:30.75",6317,155019,120,12.5,69,6.358,-148,-56.7433,2,10,0.8,369.2,7.831,0.1059667,-0.9457217,4,15,13,1,30,750000
"2017-04-15 13:01:31.5",6318,155020,111.7,12.49,69,6.3583,-148,-56.7435,2,10,0.8,368.3,7.291,0.1059717,-0.945725,4,15,13,1,31,500000
"2017-04-15 13:01:32.25",6319,155021,110.7,12.5,69,6.3575,-148,-56.7425,2,10,0.8,367.3,7.226,0.1059583,-0.9457083,4,15,13,1,32,250000
"2017-04-15 13:01:32.75",6320,155022,110.4,12.5,69,6.3571,-148,-56.7421,2,10,0.8,367.4,7.208,0.1059517,-0.9457017,4,15,13,1,32,750000
"2017-04-15 13:01:33.25",6321,155023,105.9,12.5,69,6.3564,-148,-56.7402,2,10,0.9,368,6.911,0.10594,-0.94567,4,15,13,1,33,250000
"2017-04-15 13:01:34.25",6322,155024,111.8,12.49,69,6.3563,-148,-56.7361,2,10,0.8,367.4,7.298,0.1059383,-0.9456017,4,15,13,1,34,250000
"2017-04-15 13:01:34.75",6323,155025,112.3,12.5,69,6.3556,-148,-56.7354,2,10,0.8,366.7,7.331,0.1059267,-0.94559,4,15,13,1,34,750000
"2017-04-15 13:01:35.75",6324,155026,115,12.5,69,6.3551,-148,-56.7336,2,10,0.8,366.6,7.505,0.1059183,-0.94556,4,15,13,1,35,750000
"2017-04-15 13:01:36.5",6325,155027,120,12.49,69,6.3544,-148,-56.7326,2,10,0.8,365.7,7.831,0.1059067,-0.9455434,4,15,13,1,36,500000
"2017-04-15 13:01:37.5",6326,155028,120,12.5,69,6.3541,-148,-56.7331,2,10,0.8,364.3,7.834,0.1059017,-0.9455517,4,15,13,1,37,500000
"2017-04-15 13:01:38",6327,155029,1.332,12.5,69,6.3536,-148,-56.7309,2,10,0.8,364.2,0.09,0.1058933,-0.945515,4,15,13,1,38,0
"2017-04-15 13:01:38.5",6328,155030,7.602,12.49,69,6.353,-148,-56.7298,2,10,0.8,363.9,0.50,0.1058833,-0.9454966,4,15,13,1,38,500000
"2017-04-15 13:01:39.25",6329,155031,6.381,12.5,69,6.3524,-148,-56.7293,2,10,0.8,363.8,0.42,0.1058733,-0.9454883,4,15,13,1,39,250000
"2017-04-15 13:01:40.25",6330,155032,11.87,12.5,69,6.3522,-148,-56.7259,2,10,0.8,363.8,0.78,0.10587,-0.9454317,4,15,13,1,40,250000
"2017-04-15 13:01:41",6331,155033,6.215,12.5,69,6.3515,-148,-56.7243,2,10,0.8,363.9,0.41,0.1058583,-0.945405,4,15,13,1,41,0
"2017-04-15 13:01:42.25",6332,155034,18.59,12.5,69,6.3511,-148,-56.7229,2,10,0.8,364.7,1.213,0.1058517,-0.9453817,4,15,13,1,42,250000
"2017-04-15 13:01:43",6333,155035,106.9,12.5,69,6.3504,-148,-56.719,2,9,0.8,364.4,6.980,0.10584,-0.9453166,4,15,13,1,43,0
"2017-04-15 13:01:43.75",6334,155036,112.6,12.5,69,6.3501,-148,-56.7199,2,9,0.8,366.2,7.353,0.105835,-0.9453316,4,15,13,1,43,750000
"2017-04-15 13:01:44.25",6335,155037,118.9,12.5,69,6.3497,-148,-56.7179,2,9,0.8,366.4,7.762,0.1058283,-0.9452983,4,15,13,1,44,250000
"2017-04-15 13:01:44.75",6336,155038,116.9,12.5,69,6.349,-148,-56.7163,2,9,0.8,365.9,7.632,0.1058167,-0.9452717,4,15,13,1,44,750000
"2017-04-15 13:01:45.25",6337,155039,120,12.5,69,6.3488,-148,-56.7131,2,8,0.9,365.5,7.831,0.1058133,-0.9452183,4,15,13,1,45,250000
"2017-04-15 13:01:45.75",6338,155040,2.275,12.5,69,6.3479,-148,-56.7116,2,9,0.8,367.6,0.15,0.1057983,-0.9451934,4,15,13,1,45,750000
"2017-04-15 13:01:46.25",6339,155041,3.274,12.51,69,6.3476,-148,-56.7113,2,9,0.8,368.1,0.21,0.1057933,-0.9451883,4,15,13,1,46,250000
"2017-04-15 13:01:47",6340,155042,3.607,12.5,69,6.3474,-148,-56.7097,2,9,0.8,368.2,0.24,0.10579,-0.9451617,4,15,13,1,47,0
"2017-04-15 13:01:47.75",6341,155043,8.88,12.5,69,6.3465,-148,-56.7073,2,9,0.8,367.6,0.58,0.105775,-0.9451217,4,15,13,1,47,750000
"2017-04-15 13:01:48.5",6342,155044,2.442,12.5,69,6.3459,-148,-56.7054,2,9,0.8,367.9,0.16,0.105765,-0.94509,4,15,13,1,48,500000
"2017-04-15 13:01:49.25",6343,155045,116.8,12.5,69,6.3442,-148,-56.7002,2,8,0.9,365.7,7.621,0.1057367,-0.9450034,4,15,13,1,49,250000
"2017-04-15 13:01:50",6344,155046,108,12.51,69,6.3441,-148,-56.7,2,9,0.8,367.5,7.048,0.105735,-0.945,4,15,13,1,50,0
"2017-04-15 13:01:51",6345,155047,107.9,12.5,69,6.3435,-148,-56.6992,2,9,0.8,367.4,7.041,0.105725,-0.9449866,4,15,13,1,51,0
"2017-04-15 13:01:51.75",6346,155048,100.4,12.5,69,6.343,-148,-56.6964,2,9,0.8,367.4,6.556,0.1057167,-0.94494,4,15,13,1,51,750000
"2017-04-15 13:01:52.5",6347,155049,109.4,12.5,69,6.3425,-148,-56.6936,2,9,0.8,367,7.139,0.1057083,-0.9448933,4,15,13,1,52,500000
"2017-04-15 13:01:53.25",6348,155050,105.7,12.5,69,6.3422,-148,-56.6915,2,9,0.8,367.6,6.9,0.1057033,-0.9448584,4,15,13,1,53,250000
"2017-04-15 13:01:54",6349,155051,100.5,12.5,69,6.3413,-148,-56.6918,2,9,0.8,367.3,6.563,0.1056883,-0.9448633,4,15,13,1,54,0
"2017-04-15 13:01:54.75",6350,155052,91,12.51,69,6.3407,-148,-56.6891,2,9,0.8,366.6,5.94,0.1056783,-0.9448183,4,15,13,1,54,750000
"2017-04-15 13:01:55.5",6351,155053,108.1,12.5,69,6.3401,-148,-56.687,2,9,0.8,367.3,7.056,0.1056683,-0.9447834,4,15,13,1,55,500000
"2017-04-15 13:01:56.25",6352,155054,101.4,12.5,69,6.3398,-148,-56.687,2,9,0.8,367.1,6.617,0.1056633,-0.9447834,4,15,13,1,56,250000
"2017-04-15 13:01:56.75",6353,155055,101.5,12.5,69,6.3394,-148,-56.6853,2,9,0.8,367.4,6.625,0.1056567,-0.944755,4,15,13,1,56,750000
"2017-04-15 13:01:57.25",6354,155056,119.9,12.5,69,6.3382,-148,-56.6814,2,9,0.8,367.5,7.827,0.1056367,-0.94469,4,15,13,1,57,250000
"2017-04-15 13:01:58",6355,155057,114.4,12.49,69,6.3374,-148,-56.6801,2,10,0.8,369.6,7.465,0.1056233,-0.9446683,4,15,13,1,58,0
"2017-04-15 13:01:58.75",6356,155058,113.1,12.5,69,6.3378,-148,-56.6796,2,10,0.8,369.2,7.382,0.10563,-0.94466,4,15,13,1,58,750000
"2017-04-15 13:01:59.25",6357,155059,97.8,12.49,69,6.3371,-148,-56.6776,2,9,0.8,369.2,6.382,0.1056183,-0.9446267,4,15,13,1,59,250000
"2017-04-15 13:02:00",6358,155060,87.8,12.5,69,6.337,-148,-56.6748,2,10,0.8,368.9,5.734,0.1056167,-0.94458,4,15,13,2,0,0
"2017-04-15 13:02:00.75",6359,155061,76.19,12.5,69,6.3367,-148,-56.6718,2,10,0.8,368.7,4.973,0.1056117,-0.9445299,4,15,13,2,0,750000
"2017-04-15 13:02:01.5",6360,155062,70.58,12.5,69,6.3361,-148,-56.6702,2,10,0.8,368.5,4.607,0.1056017,-0.9445034,4,15,13,2,1,500000
"2017-04-15 13:02:02.25",6361,155063,66.42,12.5,69,6.3353,-148,-56.6692,2,10,0.8,368.5,4.336,0.1055883,-0.9444866,4,15,13,2,2,250000
"2017-04-15 13:02:03.25",6362,155064,55.43,12.5,69,6.3346,-148,-56.6669,2,10,0.8,368.6,3.618,0.1055767,-0.9444483,4,15,13,2,3,250000
"2017-04-15 13:02:04.25",6363,155065,50.44,12.5,69,6.3339,-148,-56.6651,2,10,0.8,368.2,3.292,0.105565,-0.9444183,4,15,13,2,4,250000
"2017-04-15 13:02:05.25",6364,155066,42.23,12.5,69,6.3333,-148,-56.6632,2,10,0.8,367.7,2.756,0.105555,-0.9443866,4,15,13,2,5,250000
"2017-04-15 13:02:06.25",6365,155067,37.34,12.5,69,6.3327,-148,-56.662,2,10,0.8,367.2,2.438,0.105545,-0.9443666,4,15,13,2,6,250000
"2017-04-15 13:02:07",6366,155068,35.01,12.5,69,6.3315,-148,-56.6597,2,10,0.8,366.7,2.286,0.105525,-0.9443283,4,15,13,2,7.000,0
"2017-04-15 13:02:07.75",6367,155069,31.24,12.5,69,6.3311,-148,-56.6584,2,10,0.8,366.7,2.039,0.1055183,-0.9443066,4,15,13,2,7.000,750000
"2017-04-15 13:02:08.75",6368,155070,26.63,12.5,69,6.33,-148,-56.6556,2,10,0.8,365.6,1.739,0.1055,-0.94426,4,15,13,2,8,750000
"2017-04-15 13:02:09.75",6369,155071,23.36,12.5,69,6.3295,-148,-56.6538,2,10,0.8,365.7,1.525,0.1054917,-0.94423,4,15,13,2,9,750000
"2017-04-15 13:02:10.5",6370,155072,23.42,12.5,69,6.3285,-148,-56.651,2,10,0.8,365.8,1.528,0.105475,-0.9441834,4,15,13,2,10,500000
"2017-04-15 13:02:11",6371,155073,18.98,12.5,69,6.3278,-148,-56.6497,2,10,0.8,366.3,1.239,0.1054633,-0.9441617,4,15,13,2,11,0
"2017-04-15 13:02:11.75",6372,155074,19.53,12.5,69,6.3267,-148,-56.6459,2,10,0.8,366.7,1.275,0.105445,-0.9440983,4,15,13,2,11,750000
"2017-04-15 13:02:12.75",6373,155075,17.42,12.51,69,6.3263,-148,-56.6441,2,9,0.8,366.7,1.137,0.1054383,-0.9440683,4,15,13,2,12,750000
"2017-04-15 13:02:13.75",6374,155076,17.15,12.51,69,6.3257,-148,-56.6413,2,9,0.8,366.2,1.119,0.1054283,-0.9440217,4,15,13,2,13,750000
"2017-04-15 13:02:14.75",6375,156001,62.87,12.5,69,6.3944,-148,-56.6777,2,10,0.8,370.9,4.104,0.1065733,-0.9446283,4,15,13,2,14,750000
"2017-04-15 13:02:15.5",6376,156002,71.69,12.5,69,6.3944,-148,-56.6777,2,9,0.9,370.9,4.68,0.1065733,-0.9446283,4,15,13,2,15,500000
"2017-04-15 13:02:16.25",6377,156003,73.02,12.5,69,6.3935,-148,-56.6764,2,9,0.8,370.3,4.767,0.1065583,-0.9446066,4,15,13,2,16,250000
"2017-04-15 13:02:17.25",6378,156004,77.63,12.5,69,6.3928,-148,-56.6752,2,9,0.8,369.6,5.067,0.1065467,-0.9445867,4,15,13,2,17,250000
"2017-04-15 13:02:18",6379,156005,75.52,12.5,69,6.3915,-148,-56.6741,2,10,0.8,369.8,4.93,0.106525,-0.9445683,4,15,13,2,18,0
"2017-04-15 13:02:18.75",6380,156006,80.7,12.5,69,6.3901,-148,-56.6715,2,9,0.8,369.6,5.266,0.1065017,-0.944525,4,15,13,2,18,750000
"2017-04-15 13:02:19.75",6381,156007,88.8,12.51,69,6.3894,-148,-56.6702,2,10,0.8,369.7,5.799,0.10649,-0.9445034,4,15,13,2,19,750000
"2017-04-15 13:02:20.5",6382,156008,85.5,12.5,69,6.3884,-148,-56.6685,2,10,0.8,369.2,5.578,0.1064733,-0.944475,4,15,13,2,20,500000
"2017-04-15 13:02:21.25",6383,156009,95.3,12.5,69,6.3868,-148,-56.6668,2,10,0.8,369.6,6.223,0.1064467,-0.9444467,4,15,13,2,21,250000
"2017-04-15 13:02:22.25",6384,156010,95.4,12.5,69,6.386,-148,-56.6656,2,10,0.8,370.3,6.226,0.1064333,-0.9444266,4,15,13,2,22,250000
"2017-04-15 13:02:23",6385,156011,102.3,12.5,69,6.3852,-148,-56.6647,2,10,0.8,370.1,6.675,0.10642,-0.9444116,4,15,13,2,23,0
"2017-04-15 13:02:23.75",6386,156012,102.5,12.5,69,6.3837,-148,-56.6627,2,10,0.8,369.9,6.69,0.106395,-0.9443783,4,15,13,2,23,750000
"2017-04-15 13:02:24.5",6387,156013,104.2,12.5,69,6.383,-148,-56.6603,2,10,0.8,369.7,6.799,0.1063833,-0.9443384,4,15,13,2,24,500000
"2017-04-15 13:02:25.25",6388,156014,113,12.5,69,6.3835,-148,-56.6587,2,10,0.8,370.2,7.374,0.1063917,-0.9443117,4,15,13,2,25,250000
"2017-04-15 13:02:26",6389,156015,111.9,12.5,69,6.3825,-148,-56.6589,2,10,0.8,369.9,7.306,0.106375,-0.944315,4,15,13,2,26,0
"2017-04-15 13:02:26.75",6390,156016,103.5,12.5,69,6.3816,-148,-56.6579,2,10,0.8,370,6.759,0.10636,-0.9442984,4,15,13,2,26,750000
"2017-04-15 13:02:27.5",6391,156017,92,12.5,69,6.3817,-148,-56.6568,2,10,0.8,369.3,6.005,0.1063617,-0.94428,4,15,13,2,27,500000
"2017-04-15 13:02:28.25",6392,156018,101.9,12.5,69,6.3803,-148,-56.6547,2,10,0.8,369.3,6.654,0.1063383,-0.944245,4,15,13,2,28,250000
"2017-04-15 13:02:29.25",6393,156019,112.5,12.5,69,6.3797,-148,-56.653,2,10,0.8,368.3,7.345,0.1063283,-0.9442166,4,15,13,2,29,250000
"2017-04-15 13:02:30",6394,156020,106.4,12.5,69,6.3789,-148,-56.6509,2,10,0.8,368.4,6.947,0.106315,-0.9441817,4,15,13,2,30,0
"2017-04-15 13:02:30.75",6395,156021,96.3,12.5,69,6.3787,-148,-56.6498,2,10,0.8,367.7,6.284,0.1063117,-0.9441634,4,15,13,2,30,750000
"2017-04-15 13:02:31.75",6396,156022,110.5,12.5,69,6.3774,-148,-56.6489,2,10,0.8,366.3,7.211,0.10629,-0.9441483,4,15,13,2,31,750000
"2017-04-15 13:02:32.5",6397,156023,105,12.5,69,6.3767,-148,-56.6481,2,10,0.8,365.1,6.856,0.1062783,-0.944135,4,15,13,2,32,500000
"2017-04-15 13:02:33.25",6398,156024,94.9,12.51,69,6.3763,-148,-56.6471,2,10,0.8,365,6.194,0.1062717,-0.9441183,4,15,13,2,33,250000
"2017-04-15 13:02:34",6399,156025,93.2,12.5,69,6.3765,-148,-56.6462,2,10,0.8,365.3,6.085,0.106275,-0.9441033,4,15,13,2,34,0
"2017-04-15 13:02:35",6400,156026,99.4,12.5,69,6.3751,-148,-56.6438,2,10,0.8,366.6,6.491,0.1062517,-0.9440633,4,15,13,2,35,0
"2017-04-15 13:02:35.75",6401,156027,87.2,12.5,69,6.3743,-148,-56.6422,2,10,0.8,367.5,5.694,0.1062383,-0.9440366,4,15,13,2,35,750000
"2017-04-15 13:02:36.5",6402,156028,74.02,12.5,69,6.3736,-148,-56.6397,2,10,0.8,368.4,4.832,0.1062267,-0.943995,4,15,13,2,36,500000
"2017-04-15 13:02:37.25",6403,156029,75.57,12.5,69,6.3729,-148,-56.6388,2,10,0.8,368.9,4.933,0.106215,-0.94398,4,15,13,2,37,250000
"2017-04-15 13:02:38",6404,156030,82,12.5,69,6.3722,-148,-56.6382,2,10,0.8,369.3,5.353,0.1062033,-0.94397,4,15,13,2,38,0
"2017-04-15 13:02:39",6405,156031,83.8,12.5,69,6.3713,-148,-56.6369,2,10,0.8,370,5.469,0.1061883,-0.9439484,4,15,13,2,39,0
"2017-04-15 13:02:40",6406,156032,79.51,12.5,69,6.37,-148,-56.6374,2,10,0.8,369.7,5.19,0.1061667,-0.9439566,4,15,13,2,40,0
"2017-04-15 13:02:41",6407,156033,86.3,12.5,69,6.3692,-148,-56.6353,2,10,0.8,369.9,5.636,0.1061533,-0.9439217,4,15,13,2,41,0
"2017-04-15 13:02:42.25",6408,156034,88.3,12.51,69,6.3683,-148,-56.6337,2,9,0.8,369.7,5.766,0.1061383,-0.943895,4,15,13,2,42,250000
"2017-04-15 13:02:43",6409,156035,101.5,12.5,69,6.3672,-148,-56.6316,2,9,0.8,368.8,6.628,0.10612,-0.94386,4,15,13,2,43,0
"2017-04-15 13:02:44",6410,156036,111.7,12.5,69,6.3662,-148,-56.631,2,9,0.8,368.9,7.291,0.1061033,-0.94385,4,15,13,2,44,0
"2017-04-15 13:02:44.75",6411,156037,104.7,12.5,69,6.3655,-148,-56.6306,2,9,0.8,369.7,6.834,0.1060917,-0.9438433,4,15,13,2,44,750000
"2017-04-15 13:02:45.5",6412,156038,100.2,12.5,69,6.3648,-148,-56.6307,2,9,0.8,369.9,6.541,0.10608,-0.943845,4,15,13,2,45,500000
"2017-04-15 13:02:46.25",6413,156039,88.1,12.5,69,6.364,-148,-56.6293,2,9,0.8,369.7,5.752,0.1060667,-0.9438217,4,15,13,2,46,250000
"2017-04-15 13:02:47",6414,156040,80.5,12.5,69,6.3628,-148,-56.627,2,9,0.8,369.5,5.255,0.1060467,-0.9437834,4,15,13,2,47,0
"2017-04-15 13:02:47.75",6415,156041,67.92,12.5,69,6.3628,-148,-56.6265,2,9,0.8,369.8,4.433,0.1060467,-0.943775,4,15,13,2,47,750000
"2017-04-15 13:02:48.25",6416,156042,64.2,12.51,69,6.3622,-148,-56.625,2,8,0.9,370.3,4.191,0.1060367,-0.94375,4,15,13,2,48,250000
"2017-04-15 13:02:49",6417,156043,49.16,12.51,69,6.3618,-148,-56.6241,2,9,0.8,369.5,3.209,0.10603,-0.943735,4,15,13,2,49,0
"2017-04-15 13:02:49.75",6418,156044,48.16,12.5,69,6.3614,-148,-56.6217,2,9,0.8,369.1,3.144,0.1060233,-0.943695,4,15,13,2,49,750000
"2017-04-15 13:02:50.75",6419,156045,46.61,12.5,69,6.3607,-148,-56.6195,2,9,0.8,368.6,3.042,0.1060117,-0.9436583,4,15,13,2,50,750000
"2017-04-15 13:02:51.75",6420,156046,44.5,12.5,69,6.3603,-148,-56.6189,2,9,0.8,367.8,2.905,0.106005,-0.9436483,4,15,13,2,51,750000
"2017-04-15 13:02:52.5",6421,156047,34.73,12.5,69,6.3596,-148,-56.6165,2,9,0.8,367.6,2.267,0.1059933,-0.9436083,4,15,13,2,52,500000
"2017-04-15 13:02:53.5",6422,156048,38.95,12.5,69,6.3587,-148,-56.6163,2,9,0.8,367.2,2.542,0.1059783,-0.943605,4,15,13,2,53,500000
"2017-04-15 13:02:54.25",6423,156049,34.18,12.51,69,6.3578,-148,-56.6153,2,9,0.8,366.8,2.231,0.1059633,-0.9435883,4,15,13,2,54,250000
"2017-04-15 13:02:55.25",6424,156050,28.35,12.51,69,6.3565,-148,-56.614,2,9,0.8,367.5,1.851,0.1059417,-0.9435666,4,15,13,2,55,250000
"2017-04-15 13:02:56",6425,156051,29.74,12.5,69,6.3559,-148,-56.6133,2,9,0.8,367.5,1.941,0.1059317,-0.943555,4,15,13,2,56,0
"2017-04-15 13:02:58",6426,156052,30.85,12.5,69,6.3552,-148,-56.6113,2,9,0.8,366.9,2.014,0.10592,-0.9435217,4,15,13,2,58,0
"2017-04-15 13:02:58.75",6427,156053,29.02,12.5,69,6.3546,-148,-56.6108,2,9,0.8,367.2,1.894,0.10591,-0.9435134,4,15,13,2,58,750000
"2017-04-15 13:02:59.5",6428,156054,26.8,12.51,69,6.3538,-148,-56.6082,2,9,0.8,366.4,1.749,0.1058967,-0.94347,4,15,13,2,59,500000
"2017-04-15 13:03:00.5",6429,156055,30.91,12.51,69,6.3527,-148,-56.6083,2,9,0.8,367.1,2.017,0.1058783,-0.9434717,4,15,13,3,0,500000
"2017-04-15 13:03:01.5",6430,156056,32.13,12.5,69,6.3517,-148,-56.6069,2,9,0.8,366.9,2.097,0.1058617,-0.9434483,4,15,13,3,1,500000
"2017-04-15 13:03:02.5",6431,156057,29.57,12.51,69,6.3511,-148,-56.6064,2,9,0.8,367.2,1.93,0.1058517,-0.94344,4,15,13,3,2,500000
"2017-04-15 13:03:03.25",6432,156058,27.3,12.5,69,6.3497,-148,-56.6035,2,9,0.8,366.6,1.782,0.1058283,-0.9433917,4,15,13,3,3,250000
"2017-04-15 13:03:04",6433,156059,20.14,12.5,69,6.3493,-148,-56.6029,2,9,0.8,366.7,1.315,0.1058217,-0.9433817,4,15,13,3,4,0
"2017-04-15 13:03:05",6434,156060,19.31,12.5,69,6.3487,-148,-56.602,2,9,0.8,367.2,1.26,0.1058117,-0.9433667,4,15,13,3,5,0
"2017-04-15 13:03:05.75",6435,99001,0.11,12.51,69,6.2549,-148,-56.819,2,9,0.8,376.5,0.01,0.1042483,-0.9469834,4,15,13,3,5,750000
"2017-04-15 13:03:06.5",6436,99002,0,12.66,69,6.2356,-148,-56.8202,2,10,0.8,376.4,0,0.1039267,-0.9470034,4,15,13,3,6,500000
