"TOA5","29036","CR800","29036","CR800.Std.27","CPU:Geophys1_GPSProbe.CR8","43006","OperatorView"
"TIMESTAMP","RECORD","Counter","DepthCm","BattVolts","latitude_a","latitude_b","Longitude_a","Longitude_b","fix_quality","nmbr_satellites","HDOP","altitudeB","DepthVolts","LatitudeDDDDD","LongitudeDDDDD","month","dayofmonth","hourofday","minutes","seconds","microseconds"
"TS","RN","","","","degrees","minutes","degrees","minutes","unitless","","","","","","","","","","","",""
"","","Smp","Smp","Smp","Smp","Smp","Smp","Smp","Smp","Smp","Smp","Smp","Smp","Smp","Smp","Smp","Smp","Smp","Smp","Smp","Smp"
"2017-04-17 14:23:24.5",6437,990001,-0.11,12.46,70,29.7458,-149,-53.0548,2,10,0.8,2.9,-0.01,0.4957633,-0.8842466,4,17,14,23,24,500000
"2017-04-17 14:23:25.25",6438,990002,119.5,12.48,70,29.7454,-149,-53.0552,2,9,1,2.6,7.801,0.4957566,-0.8842534,4,17,14,23,25,250000
"2017-04-17 14:23:26",6439,990003,-0.11,12.48,70,29.7454,-149,-53.0551,2,11,0.8,2.6,-0.01,0.4957566,-0.8842517,4,17,14,23,26,0
"2017-04-17 14:23:26.5",6440,990004,119.6,12.47,70,29.7454,-149,-53.0551,2,11,0.7,2.6,7.804,0.4957566,-0.8842517,4,17,14,23,26,500000
"2017-04-17 14:23:27",6441,990005,-0.11,12.46,70,29.7454,-149,-53.0551,2,11,0.8,2.6,-0.01,0.4957566,-0.8842517,4,17,14,23,27,0
"2017-04-17 14:23:27.75",6442,990006,119.6,12.47,70,29.7454,-149,-53.0551,2,11,0.8,2.6,7.804,0.4957566,-0.8842517,4,17,14,23,27,750000
"2017-04-17 14:23:28.5",6443,104171,48.59,12.38,70,29.7402,-149,-52.9893,2,10,0.8,-1.4,3.172,0.49567,-0.883155,4,17,14,23,28,500000
"2017-04-17 14:23:29.5",6444,104172,59.71,12.36,70,29.7393,-149,-52.9898,2,10,0.8,-1,3.898,0.495655,-0.8831634,4,17,14,23,29,500000
"2017-04-17 14:23:30.25",6445,104173,60.6,12.38,70,29.7393,-149,-52.9907,2,10,0.8,-0.5,3.956,0.495655,-0.8831783,4,17,14,23,30,250000
"2017-04-17 14:23:30.75",6446,104174,65.22,12.38,70,29.7384,-149,-52.9905,2,10,0.8,0,4.257,0.49564,-0.883175,4,17,14,23,30,750000
"2017-04-17 14:23:31.75",6447,104175,80.2,12.38,70,29.7377,-149,-52.989,2,10,0.8,0,5.233,0.4956283,-0.88315,4,17,14,23,31,750000
"2017-04-17 14:23:32.75",6448,104176,71.39,12.36,70,29.7366,-149,-52.9891,2,10,0.8,0.6,4.66,0.49561,-0.8831517,4,17,14,23,32,750000
"2017-04-17 14:23:33.25",6449,104177,58.88,12.36,70,29.7361,-149,-52.9864,2,10,0.7,1.1,3.843,0.4956016,-0.8831066,4,17,14,23,33,250000
"2017-04-17 14:23:34",6450,104178,39.42,12.37,70,29.7357,-149,-52.9857,2,10,0.7,1.7,2.573,0.495595,-0.883095,4,17,14,23,34,0
"2017-04-17 14:23:34.75",6451,104179,36.58,12.35,70,29.7353,-149,-52.9825,2,10,0.7,2,2.388,0.4955883,-0.8830416,4,17,14,23,34,750000
"2017-04-17 14:23:36",6452,104180,43.81,12.36,70,29.7352,-149,-52.9821,2,10,0.7,1.7,2.86,0.4955867,-0.883035,4,17,14,23,36,0
"2017-04-17 14:23:36.5",6453,104181,34.02,12.36,70,29.735,-149,-52.9796,2,10,0.7,2.2,2.221,0.4955834,-0.8829934,4,17,14,23,36,500000
"2017-04-17 14:23:37.25",6454,104182,50.54,12.35,70,29.7353,-149,-52.9785,2,10,0.7,1.9,3.299,0.4955883,-0.882975,4,17,14,23,37,250000
"2017-04-17 14:23:38",6455,104183,55.98,12.37,70,29.7355,-149,-52.9763,2,10,0.7,1.6,3.654,0.4955917,-0.8829383,4,17,14,23,38,0
"2017-04-17 14:23:38.75",6456,104184,68.83,12.37,70,29.7364,-149,-52.9738,2,10,0.7,1.9,4.493,0.4956067,-0.8828966,4,17,14,23,38,750000
"2017-04-17 14:23:39.75",6457,104185,70.77,12.37,70,29.7369,-149,-52.974,2,10,0.7,1.5,4.62,0.495615,-0.8829,4,17,14,23,39,750000
"2017-04-17 14:23:40.25",6458,104186,58.99,12.37,70,29.737,-149,-52.9738,2,10,0.8,1.4,3.85,0.4956166,-0.8828966,4,17,14,23,40,250000
"2017-04-17 14:23:41",6459,104187,63.49,12.35,70,29.7377,-149,-52.9747,2,10,0.7,0.7,4.144,0.4956283,-0.8829117,4,17,14,23,41,0
"2017-04-17 14:23:41.75",6460,104188,73.72,12.37,70,29.7382,-149,-52.9737,2,10,0.7,1.2,4.812,0.4956366,-0.882895,4,17,14,23,41,750000
"2017-04-17 14:23:42.25",6461,104189,73.5,12.36,70,29.7391,-149,-52.9771,2,10,0.7,0.6,4.797,0.4956517,-0.8829517,4,17,14,23,42,250000
"2017-04-17 14:23:43.25",6462,104190,61.38,12.36,70,29.7395,-149,-52.9779,2,10,0.7,0.1,4.006,0.4956583,-0.882965,4,17,14,23,43,250000
"2017-04-17 14:23:44",6463,104191,56.26,12.36,70,29.7401,-149,-52.9807,2,10,0.7,-1.1,3.672,0.4956684,-0.8830117,4,17,14,23,44,0
"2017-04-17 14:23:44.75",6464,104192,45.09,12.35,70,29.7408,-149,-52.9838,2,10,0.7,-1.8,2.943,0.49568,-0.8830633,4,17,14,23,44,750000
"2017-04-17 14:23:45.5",6465,104193,42.14,12.37,70,29.7408,-149,-52.9852,2,10,0.7,-1,2.751,0.49568,-0.8830866,4,17,14,23,45,500000
"2017-04-17 14:23:46.25",6466,104194,47.76,12.35,70,29.7411,-149,-52.9857,2,10,0.7,-0.1,3.117,0.495685,-0.883095,4,17,14,23,46,250000
"2017-04-17 14:23:47",6467,104195,50.59,12.35,70,29.7408,-149,-52.9874,2,10,0.7,1.7,3.302,0.49568,-0.8831234,4,17,14,23,47,0
"2017-04-17 14:23:48",6468,104196,64.49,12.36,70,29.7408,-149,-52.9887,2,10,0.7,2.2,4.209,0.49568,-0.883145,4,17,14,23,48,0
"2017-04-17 14:23:49",6469,104197,73.94,12.34,70,29.7395,-149,-52.9914,2,10,0.7,2.1,4.826,0.4956583,-0.88319,4,17,14,23,49,0
"2017-04-17 14:23:50.25",6470,104198,77.44,12.36,70,29.7382,-149,-52.9929,2,10,0.7,1.7,5.055,0.4956366,-0.883215,4,17,14,23,50,250000
"2017-04-17 14:23:51",6471,104199,84.6,12.34,70,29.7371,-149,-52.996,2,10,0.7,1.1,5.523,0.4956184,-0.8832666,4,17,14,23,51,0
"2017-04-17 14:23:51.75",6472,104200,84.2,12.34,70,29.7362,-149,-52.9953,2,10,0.7,0.4,5.498,0.4956034,-0.883255,4,17,14,23,51,750000
"2017-04-17 14:23:52.5",6473,104201,83.9,12.35,70,29.7358,-149,-52.9958,2,10,0.7,0.7,5.476,0.4955967,-0.8832634,4,17,14,23,52,500000
"2017-04-17 14:23:53",6474,104202,57.15,12.34,70,29.7355,-149,-52.9944,2,10,0.7,0.9,3.73,0.4955917,-0.88324,4,17,14,23,53,0
"2017-04-17 14:23:53.5",6475,104203,44.36,12.34,70,29.735,-149,-52.9921,2,10,0.7,0.8,2.896,0.4955834,-0.8832017,4,17,14,23,53,500000
"2017-04-17 14:23:54.75",6476,104204,38.64,12.33,70,29.7342,-149,-52.9907,2,10,0.7,0.6,2.522,0.49557,-0.8831783,4,17,14,23,54,750000
"2017-04-17 14:23:55.25",6477,104205,45.86,12.35,70,29.7338,-149,-52.99,2,10,0.7,0.4,2.994,0.4955634,-0.8831666,4,17,14,23,55,250000
"2017-04-17 14:23:56.25",6478,104206,43.59,12.35,70,29.7335,-149,-52.987,2,10,0.7,0.7,2.845,0.4955583,-0.8831166,4,17,14,23,56,250000
"2017-04-17 14:23:57",6479,104207,35.47,12.35,70,29.7336,-149,-52.984,2,10,0.7,0.5,2.315,0.49556,-0.8830667,4,17,14,23,57,0
"2017-04-17 14:23:57.75",6480,104208,47.37,12.34,70,29.7339,-149,-52.9818,2,10,0.7,0.3,3.092,0.495565,-0.88303,4,17,14,23,57,750000
"2017-04-17 14:23:58.5",6481,104209,54.65,12.35,70,29.734,-149,-52.9782,2,10,0.7,-0.3,3.567,0.4955667,-0.88297,4,17,14,23,58,500000
"2017-04-17 14:23:59.5",6482,104210,62.82,12.34,70,29.7342,-149,-52.9764,2,10,0.7,0.1,4.101,0.49557,-0.88294,4,17,14,23,59,500000
"2017-04-17 14:24:00.25",6483,104211,58.82,12.34,70,29.7341,-149,-52.9765,2,10,0.7,-0.2,3.839,0.4955683,-0.8829417,4,17,14,24,0,250000
"2017-04-17 14:24:01.25",6484,104212,55.76,12.32,70,29.7347,-149,-52.9747,2,10,0.7,-0.6,3.64,0.4955783,-0.8829117,4,17,14,24,1,250000
"2017-04-17 14:24:02",6485,104213,45.92,12.34,70,29.7348,-149,-52.9729,2,10,0.7,0.1,2.997,0.49558,-0.8828817,4,17,14,24,2,0
"2017-04-17 14:24:02.5",6486,104214,52.76,12.35,70,29.7365,-149,-52.9692,2,10,0.7,-0.5,3.444,0.4956083,-0.88282,4,17,14,24,2,500000
"2017-04-17 14:24:03.25",6487,104215,66.99,12.35,70,29.7367,-149,-52.9698,2,10,0.7,-0.4,4.373,0.4956117,-0.88283,4,17,14,24,3,250000
"2017-04-17 14:24:04",6488,104216,74.55,12.35,70,29.7371,-149,-52.9696,2,10,0.7,-0.4,4.866,0.4956184,-0.8828267,4,17,14,24,4,0
"2017-04-17 14:24:05",6489,104217,77.94,12.34,70,29.7374,-149,-52.9715,2,10,0.7,-0.8,5.088,0.4956233,-0.8828583,4,17,14,24,5,0
"2017-04-17 14:24:05.75",6490,104218,76.11,12.33,70,29.7384,-149,-52.9727,2,10,0.7,-1.7,4.968,0.49564,-0.8828783,4,17,14,24,5,750000
"2017-04-17 14:24:06.75",6491,104219,92.2,12.35,70,29.7389,-149,-52.9713,2,10,0.7,-1,6.017,0.4956483,-0.882855,4,17,14,24,6,750000
"2017-04-17 14:24:07.75",6492,104220,103.7,12.35,70,29.7399,-149,-52.9698,2,10,0.8,-1.1,6.771,0.495665,-0.88283,4,17,14,24,7.000,750000
"2017-04-17 14:24:08.5",6493,104221,99.5,12.34,70,29.7401,-149,-52.9716,2,10,0.7,-1.2,6.496,0.4956684,-0.88286,4,17,14,24,8,500000
"2017-04-17 14:24:09.25",6494,104222,81.1,12.35,70,29.7408,-149,-52.973,2,10,0.7,-0.1,5.294,0.49568,-0.8828833,4,17,14,24,9,250000
"2017-04-17 14:24:09.75",6495,104223,71.71,12.32,70,29.7417,-149,-52.9737,2,10,0.7,0.4,4.681,0.495695,-0.882895,4,17,14,24,9,750000
"2017-04-17 14:24:10.75",6496,104224,66.16,12.33,70,29.7423,-149,-52.9761,2,10,0.7,0.1,4.318,0.495705,-0.882935,4,17,14,24,10,750000
"2017-04-17 14:24:11.25",6497,104225,53.26,12.33,70,29.7417,-149,-52.9792,2,10,0.7,-0.5,3.476,0.495695,-0.8829866,4,17,14,24,11,250000
"2017-04-17 14:24:12",6498,104226,46.48,12.35,70,29.7417,-149,-52.9808,2,10,0.7,-0.2,3.034,0.495695,-0.8830134,4,17,14,24,12,0
"2017-04-17 14:24:12.5",6499,104227,48.42,12.32,70,29.7424,-149,-52.9832,2,10,0.8,-0.1,3.161,0.4957066,-0.8830534,4,17,14,24,12,500000
"2017-04-17 14:24:13",6500,104228,35.02,12.33,70,29.7424,-149,-52.9871,2,10,0.7,-0.4,2.286,0.4957066,-0.8831183,4,17,14,24,13,0
"2017-04-17 14:24:14",6501,104229,50.87,12.32,70,29.7418,-149,-52.9917,2,10,0.7,-1.2,3.32,0.4956967,-0.883195,4,17,14,24,14,0
"2017-04-17 14:24:14.75",6502,104230,57.09,12.34,70,29.7411,-149,-52.9945,2,10,0.7,-1.6,3.727,0.495685,-0.8832417,4,17,14,24,14,750000
"2017-04-17 14:24:15.5",6503,104231,59.48,12.32,70,29.741,-149,-52.9937,2,10,0.7,-1.1,3.883,0.4956833,-0.8832283,4,17,14,24,15,500000
"2017-04-17 14:24:16.75",6504,104232,68.43,12.32,70,29.7405,-149,-52.9959,2,10,0.7,-1,4.467,0.495675,-0.883265,4,17,14,24,16,750000
"2017-04-17 14:24:17.5",6505,104233,76.33,12.33,70,29.7394,-149,-52.9968,2,10,0.7,-1.6,4.982,0.4956567,-0.88328,4,17,14,24,17,500000
"2017-04-17 14:24:18.5",6506,104234,74.16,12.33,70,29.7387,-149,-52.9963,2,10,0.7,-0.1,4.841,0.495645,-0.8832716,4,17,14,24,18,500000
"2017-04-17 14:24:19.75",6507,104235,81.6,12.33,70,29.7377,-149,-52.9972,2,9,0.8,0.2,5.327,0.4956283,-0.8832866,4,17,14,24,19,750000
"2017-04-17 14:24:21",6508,104236,83.6,12.32,70,29.7378,-149,-52.995,2,10,0.7,0.5,5.454,0.49563,-0.88325,4,17,14,24,21,0
"2017-04-17 14:24:21.75",6509,104237,84.9,12.33,70,29.737,-149,-52.9966,2,10,0.7,0.1,5.545,0.4956166,-0.8832767,4,17,14,24,21,750000
"2017-04-17 14:24:22.5",6510,104238,82.5,12.33,70,29.7359,-149,-52.9964,2,10,0.7,-0.6,5.385,0.4955984,-0.8832733,4,17,14,24,22,500000
"2017-04-17 14:24:23.25",6511,104239,65.04,12.32,70,29.7351,-149,-52.9942,2,10,0.7,0.2,4.245,0.495585,-0.8832367,4,17,14,24,23,250000
"2017-04-17 14:24:23.75",6512,104240,52.2,12.33,70,29.7352,-149,-52.9949,2,10,0.7,0.1,3.407,0.4955867,-0.8832483,4,17,14,24,23,750000
"2017-04-17 14:24:24.25",6513,104241,47.31,12.33,70,29.7344,-149,-52.9934,2,10,0.7,-0.8,3.088,0.4955734,-0.8832234,4,17,14,24,24,250000
"2017-04-17 14:24:24.75",6514,104242,35.41,12.33,70,29.7339,-149,-52.9923,2,10,0.7,-0.5,2.311,0.495565,-0.883205,4,17,14,24,24,750000
"2017-04-17 14:24:25.25",6515,104243,34.13,12.32,70,29.7336,-149,-52.9907,2,10,0.7,0.3,2.228,0.49556,-0.8831783,4,17,14,24,25,250000
"2017-04-17 14:24:26",6516,104244,40.75,12.33,70,29.7333,-149,-52.9888,2,10,0.7,0.1,2.66,0.495555,-0.8831466,4,17,14,24,26,0
"2017-04-17 14:24:26.5",6517,104245,45.86,12.34,70,29.7328,-149,-52.9892,2,10,0.7,0.8,2.993,0.4955467,-0.8831533,4,17,14,24,26,500000
"2017-04-17 14:24:27",6518,104246,39.8,12.33,70,29.7326,-149,-52.9882,2,10,0.7,0.4,2.598,0.4955433,-0.8831367,4,17,14,24,27,0
"2017-04-17 14:24:27.5",6519,104247,33.52,12.32,70,29.7324,-149,-52.9853,2,9,0.8,1.1,2.188,0.49554,-0.8830883,4,17,14,24,27,500000
"2017-04-17 14:24:28",6520,104248,45.53,12.33,70,29.7318,-149,-52.9828,2,10,0.7,0.4,2.972,0.49553,-0.8830467,4,17,14,24,28,0
"2017-04-17 14:24:28.75",6521,104249,44.14,12.33,70,29.7313,-149,-52.9836,2,10,0.7,-0.2,2.881,0.4955217,-0.88306,4,17,14,24,28,750000
"2017-04-17 14:24:29.25",6522,104250,45.03,12.32,70,29.7312,-149,-52.9794,2,10,0.7,-0.3,2.939,0.49552,-0.88299,4,17,14,24,29,250000
"2017-04-17 14:24:30",6523,104251,40.13,12.31,70,29.7315,-149,-52.9779,2,10,0.7,-0.4,2.62,0.495525,-0.882965,4,17,14,24,30,0
"2017-04-17 14:24:30.5",6524,104252,36.02,12.32,70,29.7314,-149,-52.978,2,10,0.7,-0.7,2.351,0.4955233,-0.8829667,4,17,14,24,30,500000
"2017-04-17 14:24:31",6525,104253,27.46,12.33,70,29.7315,-149,-52.9771,2,10,0.7,-0.6,1.792,0.495525,-0.8829517,4,17,14,24,31,0
"2017-04-17 14:24:31.5",6526,104254,28.35,12.31,70,29.7322,-149,-52.9742,2,10,0.7,-0.5,1.85,0.4955367,-0.8829034,4,17,14,24,31,500000
"2017-04-17 14:24:32",6527,104255,39.91,12.32,70,29.7324,-149,-52.974,2,10,0.7,0,2.605,0.49554,-0.8829,4,17,14,24,32,0
"2017-04-17 14:24:32.5",6528,104256,50.47,12.31,70,29.733,-149,-52.9726,2,10,0.7,0.3,3.295,0.49555,-0.8828766,4,17,14,24,32,500000
"2017-04-17 14:24:33",6529,104257,49.69,12.32,70,29.7335,-149,-52.9713,2,10,0.7,0.6,3.244,0.4955583,-0.882855,4,17,14,24,33,0
"2017-04-17 14:24:33.5",6530,104258,49.69,12.33,70,29.7343,-149,-52.9686,2,10,0.7,0.5,3.244,0.4955717,-0.88281,4,17,14,24,33,500000
"2017-04-17 14:24:34",6531,104259,53.36,12.31,70,29.7349,-149,-52.9671,2,10,0.7,0.2,3.483,0.4955816,-0.882785,4,17,14,24,34,0
"2017-04-17 14:24:34.5",6532,104260,51.25,12.33,70,29.7359,-149,-52.9671,2,10,0.7,0.1,3.345,0.4955984,-0.882785,4,17,14,24,34,500000
"2017-04-17 14:24:35",6533,104261,48.53,12.33,70,29.7361,-149,-52.9664,2,10,0.8,-0.4,3.168,0.4956016,-0.8827734,4,17,14,24,35,0
"2017-04-17 14:24:35.5",6534,104262,46.36,12.32,70,29.7362,-149,-52.9655,2,10,0.7,-0.7,3.026,0.4956034,-0.8827583,4,17,14,24,35,500000
"2017-04-17 14:24:36",6535,104263,45.47,12.31,70,29.7369,-149,-52.9673,2,10,0.7,-0.6,2.968,0.495615,-0.8827884,4,17,14,24,36,0
"2017-04-17 14:24:36.75",6536,104264,57.48,12.33,70,29.7374,-149,-52.9659,2,10,0.7,-1.1,3.752,0.4956233,-0.882765,4,17,14,24,36,750000
"2017-04-17 14:24:37.5",6537,104265,76.04,12.3,70,29.7372,-149,-52.9663,2,10,0.7,-1.5,4.963,0.49562,-0.8827717,4,17,14,24,37,500000
"2017-04-17 14:24:38",6538,104266,83.3,12.32,70,29.7379,-149,-52.9652,2,9,0.8,-1.5,5.435,0.4956317,-0.8827533,4,17,14,24,38,0
"2017-04-17 14:24:38.5",6539,104267,88.9,12.31,70,29.7387,-149,-52.966,2,10,0.7,-0.7,5.805,0.495645,-0.8827666,4,17,14,24,38,500000
"2017-04-17 14:24:39.25",6540,104268,85.1,12.31,70,29.739,-149,-52.968,2,10,0.7,-1.1,5.555,0.49565,-0.8828,4,17,14,24,39,250000
"2017-04-17 14:24:40",6541,104269,87,12.31,70,29.7393,-149,-52.9676,2,10,0.7,-0.5,5.678,0.495655,-0.8827934,4,17,14,24,40,0
"2017-04-17 14:24:40.5",6542,104270,95.5,12.32,70,29.7394,-149,-52.9683,2,10,0.7,-0.2,6.234,0.4956567,-0.882805,4,17,14,24,40,500000
"2017-04-17 14:24:41.25",6543,104271,105.1,12.31,70,29.7404,-149,-52.9685,2,9,0.8,-0.4,6.861,0.4956733,-0.8828083,4,17,14,24,41,250000
"2017-04-17 14:24:42",6544,104272,110.3,12.32,70,29.7406,-149,-52.9677,2,9,0.8,0,7.199,0.4956767,-0.882795,4,17,14,24,42,0
"2017-04-17 14:24:43",6545,104273,100.9,12.32,70,29.7409,-149,-52.968,2,10,0.7,-0.6,6.589,0.4956817,-0.8828,4,17,14,24,43,0
"2017-04-17 14:24:43.75",6546,104274,85.9,12.31,70,29.7415,-149,-52.9696,2,10,0.7,-1.2,5.61,0.4956917,-0.8828267,4,17,14,24,43,750000
"2017-04-17 14:24:44.5",6547,104275,69.48,12.33,70,29.7418,-149,-52.9687,2,10,0.7,-1.2,4.536,0.4956967,-0.8828117,4,17,14,24,44,500000
"2017-04-17 14:24:45.25",6548,104276,65.82,12.29,70,29.7423,-149,-52.9735,2,10,0.7,-2.7,4.296,0.495705,-0.8828917,4,17,14,24,45,250000
"2017-04-17 14:24:45.75",6549,104277,60.37,12.33,70,29.7426,-149,-52.975,2,10,0.7,-2.5,3.94,0.49571,-0.8829166,4,17,14,24,45,750000
"2017-04-17 14:24:46.5",6550,104278,49.19,12.32,70,29.7428,-149,-52.9773,2,10,0.7,-3.2,3.211,0.4957133,-0.882955,4,17,14,24,46,500000
"2017-04-17 14:24:47",6551,104279,48.75,12.31,70,29.7429,-149,-52.9788,2,10,0.7,-2.9,3.182,0.495715,-0.8829801,4,17,14,24,47,0
"2017-04-17 14:24:47.75",6552,104280,51.14,12.32,70,29.7433,-149,-52.9802,2,10,0.7,-2.7,3.338,0.4957217,-0.8830034,4,17,14,24,47,750000
"2017-04-17 14:24:48.5",6553,104281,53.7,12.3,70,29.7428,-149,-52.9826,2,10,0.7,-3.5,3.505,0.4957133,-0.8830434,4,17,14,24,48,500000
"2017-04-17 14:24:49.25",6554,104282,50.14,12.31,70,29.743,-149,-52.9848,2,10,0.8,-3.4,3.273,0.4957167,-0.8830799,4,17,14,24,49,250000
"2017-04-17 14:24:50",6555,104283,37.69,12.32,70,29.7432,-149,-52.9851,2,10,0.7,-3.5,2.46,0.49572,-0.883085,4,17,14,24,50,0
"2017-04-17 14:24:50.75",6556,104284,37.08,12.32,70,29.743,-149,-52.9884,2,10,0.7,-3.5,2.42,0.4957167,-0.88314,4,17,14,24,50,750000
"2017-04-17 14:24:51.25",6557,104285,48.97,12.32,70,29.7429,-149,-52.9906,2,10,0.7,-3,3.197,0.495715,-0.8831767,4,17,14,24,51,250000
"2017-04-17 14:24:52",6558,104286,63.48,12.32,70,29.7423,-149,-52.9941,2,10,0.7,-3.2,4.144,0.495705,-0.883235,4,17,14,24,52,0
"2017-04-17 14:24:52.75",6559,104287,67.04,12.31,70,29.7423,-149,-52.9978,2,10,0.7,-3.7,4.376,0.495705,-0.8832966,4,17,14,24,52,750000
"2017-04-17 14:24:53.5",6560,104288,69.37,12.32,70,29.7415,-149,-52.997,2,10,0.7,-3.2,4.528,0.4956917,-0.8832834,4,17,14,24,53,500000
"2017-04-17 14:24:54",6561,104289,64.15,12.31,70,29.7411,-149,-52.9979,2,10,0.7,-3.4,4.187,0.495685,-0.8832982,4,17,14,24,54,0
"2017-04-17 14:24:54.75",6562,104290,62.92,12.29,70,29.7407,-149,-52.9982,2,10,0.7,-2.9,4.107,0.4956783,-0.8833034,4,17,14,24,54,750000
"2017-04-17 14:24:55.5",6563,104291,67.81,12.32,70,29.7399,-149,-52.9993,2,10,0.7,-3.2,4.427,0.495665,-0.8833217,4,17,14,24,55,500000
"2017-04-17 14:24:56.25",6564,104292,66.26,12.32,70,29.7395,-149,-52.9991,2,10,0.7,-3.7,4.325,0.4956583,-0.8833183,4,17,14,24,56,250000
"2017-04-17 14:24:57",6565,104293,82.6,12.31,70,29.7382,-149,-52.9998,2,10,0.7,-4.3,5.391,0.4956366,-0.8833301,4,17,14,24,57,0
"2017-04-17 14:24:57.5",6566,104294,89.5,12.31,70,29.7374,-149,-52.9992,2,9,0.8,-3.3,5.841,0.4956233,-0.88332,4,17,14,24,57,500000
"2017-04-17 14:24:58.25",6567,104295,86.8,12.31,70,29.7372,-149,-52.9988,2,10,0.7,-3.1,5.667,0.49562,-0.8833133,4,17,14,24,58,250000
"2017-04-17 14:24:58.75",6568,104296,82.9,12.31,70,29.7363,-149,-52.9999,2,10,0.7,-3.8,5.413,0.495605,-0.8833317,4,17,14,24,58,750000
"2017-04-17 14:24:59.25",6569,104297,92.2,12.29,70,29.7362,-149,-52.9996,2,10,0.7,-2.7,6.016,0.4956034,-0.8833266,4,17,14,24,59,250000
"2017-04-17 14:24:59.75",6570,104298,73.87,12.29,70,29.7353,-149,-53.0014,2,10,0.7,-3.5,4.822,0.4955883,-0.8833567,4,17,14,24,59,750000
"2017-04-17 14:25:00.25",6571,104299,55.81,12.32,70,29.7346,-149,-53,2,10,0.7,-2.7,3.643,0.4955767,-0.8833334,4,17,14,25,0,250000
"2017-04-17 14:25:01",6572,104300,47.41,12.29,70,29.7352,-149,-52.9998,2,10,0.7,-3.1,3.095,0.4955867,-0.8833301,4,17,14,25,1,0
"2017-04-17 14:25:01.75",6573,104301,42.63,12.29,70,29.7338,-149,-52.9998,2,10,0.7,-3.9,2.783,0.4955634,-0.8833301,4,17,14,25,1,750000
"2017-04-17 14:25:02.25",6574,104302,53.08,12.31,70,29.7334,-149,-52.9982,2,10,0.7,-3.2,3.465,0.4955567,-0.8833034,4,17,14,25,2,250000
"2017-04-17 14:25:02.75",6575,104303,40.46,12.31,70,29.7326,-149,-52.9958,2,10,0.7,-3.7,2.641,0.4955433,-0.8832634,4,17,14,25,2,750000
"2017-04-17 14:25:03.25",6576,104304,35.3,12.32,70,29.7321,-149,-52.9948,2,10,0.7,-3.5,2.304,0.495535,-0.8832466,4,17,14,25,3,250000
"2017-04-17 14:25:04",6577,104305,39.74,12.31,70,29.732,-149,-52.9941,2,10,0.7,-3.5,2.594,0.4955334,-0.883235,4,17,14,25,4,0
"2017-04-17 14:25:04.5",6578,104306,55.58,12.31,70,29.7314,-149,-52.9924,2,10,0.7,-3.7,3.628,0.4955233,-0.8832066,4,17,14,25,4,500000
"2017-04-17 14:25:05",6579,104307,60.25,12.31,70,29.7311,-149,-52.9907,2,10,0.7,-3.9,3.933,0.4955183,-0.8831783,4,17,14,25,5,0
"2017-04-17 14:25:05.5",6580,104308,37.8,12.29,70,29.7309,-149,-52.9889,2,10,0.7,-4.1,2.467,0.495515,-0.8831483,4,17,14,25,5,500000
"2017-04-17 14:25:06",6581,104309,40.35,12.29,70,29.7312,-149,-52.9858,2,10,0.7,-3.8,2.634,0.49552,-0.8830967,4,17,14,25,6,0
"2017-04-17 14:25:06.5",6582,104310,51.8,12.29,70,29.7309,-149,-52.9832,2,10,0.7,-4.2,3.381,0.495515,-0.8830534,4,17,14,25,6,500000
"2017-04-17 14:25:07.25",6583,104311,53.47,12.31,70,29.7307,-149,-52.9813,2,10,0.7,-4.3,3.49,0.4955116,-0.8830217,4,17,14,25,7.000,250000
"2017-04-17 14:25:07.75",6584,104312,46.24,12.31,70,29.731,-149,-52.9785,2,10,0.7,-3,3.019,0.4955167,-0.882975,4,17,14,25,7.000,750000
"2017-04-17 14:25:08.5",6585,104313,29.35,12.31,70,29.7308,-149,-52.9771,2,10,0.7,-3.4,1.916,0.4955134,-0.8829517,4,17,14,25,8,500000
"2017-04-17 14:25:09.25",6586,104314,21.9,12.29,70,29.7315,-149,-52.977,2,10,0.7,-3.3,1.429,0.495525,-0.88295,4,17,14,25,9,250000
"2017-04-17 14:25:10",6587,104315,26.18,12.31,70,29.732,-149,-52.9753,2,10,0.7,-3.8,1.709,0.4955334,-0.8829216,4,17,14,25,10,0
"2017-04-17 14:25:10.5",6588,104316,25.79,12.29,70,29.7321,-149,-52.9736,2,10,0.7,-4.1,1.683,0.495535,-0.8828934,4,17,14,25,10,500000
"2017-04-17 14:25:11",6589,104317,34.24,12.31,70,29.7325,-149,-52.9718,2,10,0.7,-4.3,2.235,0.4955417,-0.8828634,4,17,14,25,11,0
"2017-04-17 14:25:11.75",6590,104318,38.24,12.29,70,29.7327,-149,-52.9701,2,10,0.7,-4.8,2.496,0.495545,-0.882835,4,17,14,25,11,750000
"2017-04-17 14:25:12.5",6591,104319,49.69,12.31,70,29.7337,-149,-52.9684,2,10,0.7,-4.5,3.243,0.4955616,-0.8828066,4,17,14,25,12,500000
"2017-04-17 14:25:13.25",6592,104320,42.3,12.31,70,29.7338,-149,-52.9678,2,10,0.7,-4.3,2.761,0.4955634,-0.8827966,4,17,14,25,13,250000
"2017-04-17 14:25:14",6593,104321,49.47,12.29,70,29.7342,-149,-52.9658,2,10,0.7,-4.3,3.229,0.49557,-0.8827634,4,17,14,25,14,0
"2017-04-17 14:25:14.75",6594,104322,53.69,12.28,70,29.7352,-149,-52.963,2,10,0.8,-4.9,3.505,0.4955867,-0.8827167,4,17,14,25,14,750000
"2017-04-17 14:25:15.25",6595,104323,49.69,12.31,70,29.7358,-149,-52.9633,2,10,0.7,-4.6,3.243,0.4955967,-0.8827217,4,17,14,25,15,250000
"2017-04-17 14:25:15.75",6596,104324,49.8,12.29,70,29.7361,-149,-52.962,2,10,0.7,-5.1,3.251,0.4956016,-0.8827,4,17,14,25,15,750000
"2017-04-17 14:25:16.25",6597,104325,56.47,12.3,70,29.7364,-149,-52.9608,2,10,0.8,-5,3.686,0.4956067,-0.88268,4,17,14,25,16,250000
"2017-04-17 14:25:17",6598,104326,74.75,12.3,70,29.7371,-149,-52.9615,2,10,0.7,-4.4,4.879,0.4956184,-0.8826916,4,17,14,25,17,0
"2017-04-17 14:25:17.75",6599,104327,89.7,12.28,70,29.7377,-149,-52.9614,2,10,0.7,-4,5.855,0.4956283,-0.88269,4,17,14,25,17,750000
"2017-04-17 14:25:18.25",6600,104328,96.4,12.3,70,29.7384,-149,-52.961,2,10,0.7,-4.3,6.291,0.49564,-0.8826834,4,17,14,25,18,250000
"2017-04-17 14:25:19",6601,104329,95.5,12.29,70,29.739,-149,-52.963,2,10,0.7,-4.2,6.232,0.49565,-0.8827167,4,17,14,25,19,0
"2017-04-17 14:25:19.75",6602,104330,96.8,12.3,70,29.7392,-149,-52.965,2,10,0.7,-3.8,6.316,0.4956533,-0.88275,4,17,14,25,19,750000
"2017-04-17 14:25:20.5",6603,104331,92.8,12.28,70,29.7397,-149,-52.9668,2,10,0.7,-4.6,6.058,0.4956617,-0.88278,4,17,14,25,20,500000
"2017-04-17 14:25:21",6604,104332,103.3,12.28,70,29.7407,-149,-52.9683,2,10,0.7,-5,6.74,0.4956783,-0.882805,4,17,14,25,21,0
"2017-04-17 14:25:21.5",6605,104333,104.9,12.29,70,29.741,-149,-52.9688,2,9,0.8,-4.6,6.849,0.4956833,-0.8828134,4,17,14,25,21,500000
"2017-04-17 14:25:22",6606,104334,88.8,12.3,70,29.7411,-149,-52.9681,2,10,0.7,-4.8,5.797,0.495685,-0.8828017,4,17,14,25,22,0
"2017-04-17 14:25:23",6607,104335,71.03,12.29,70,29.7418,-149,-52.97,2,10,0.7,-5.4,4.636,0.4956967,-0.8828334,4,17,14,25,23,0
"2017-04-17 14:25:23.5",6608,104336,52.02,12.27,70,29.7423,-149,-52.9698,2,10,0.8,-5.1,3.396,0.495705,-0.88283,4,17,14,25,23,500000
"2017-04-17 14:25:24.25",6609,104337,44.79,12.27,70,29.7429,-149,-52.9709,2,9,0.8,-5.7,2.924,0.495715,-0.8828484,4,17,14,25,24,250000
"2017-04-17 14:25:24.75",6610,104338,37.18,12.3,70,29.7432,-149,-52.9719,2,9,0.8,-5.9,2.427,0.49572,-0.882865,4,17,14,25,24,750000
"2017-04-17 14:25:25.25",6611,104339,38.68,12.28,70,29.7437,-149,-52.9743,2,9,0.8,-6.4,2.525,0.4957284,-0.882905,4,17,14,25,25,250000
"2017-04-17 14:25:25.75",6612,104340,37.46,12.28,70,29.7437,-149,-52.9762,2,9,0.8,-5.9,2.445,0.4957284,-0.8829366,4,17,14,25,25,750000
"2017-04-17 14:25:26.5",6613,104341,53.24,12.3,70,29.7438,-149,-52.9788,2,9,0.8,-7.2,3.475,0.49573,-0.8829801,4,17,14,25,26,500000
"2017-04-17 14:25:27",6614,104342,62.24,12.28,70,29.7441,-149,-52.9803,2,9,0.8,-6.1,4.063,0.495735,-0.883005,4,17,14,25,27,0
"2017-04-17 14:25:27.5",6615,104343,62.69,12.29,70,29.7439,-149,-52.984,2,9,0.8,-5.9,4.092,0.4957317,-0.8830667,4,17,14,25,27,500000
"2017-04-17 14:25:28",6616,104344,52.91,12.28,70,29.7434,-149,-52.9868,2,9,0.8,-6.1,3.454,0.4957233,-0.8831134,4,17,14,25,28,0
"2017-04-17 14:25:28.5",6617,104345,38.57,12.29,70,29.743,-149,-52.9891,2,9,0.8,-7.7,2.518,0.4957167,-0.8831517,4,17,14,25,28,500000
"2017-04-17 14:25:29",6618,990001,-0.06,12.28,70,29.7433,-149,-52.9879,2,9,0.8,-6.3,-0.00,0.4957217,-0.8831317,4,17,14,25,29,0
"2017-04-17 14:25:29.75",6619,990002,119.8,12.27,70,29.7433,-149,-52.9879,2,9,0.8,-6.3,7.821,0.4957217,-0.8831317,4,17,14,25,29,750000
"2017-04-17 14:25:30.25",6620,990003,-0.11,12.28,70,29.7433,-149,-52.9879,2,9,0.8,-6.3,-0.01,0.4957217,-0.8831317,4,17,14,25,30,250000
"2017-04-17 14:25:30.75",6621,990004,119.7,12.28,70,29.7433,-149,-52.9879,2,9,0.8,-6.3,7.814,0.4957217,-0.8831317,4,17,14,25,30,750000
"2017-04-17 14:25:31.25",6622,990005,-0.17,12.26,70,29.7433,-149,-52.9879,2,9,0.8,-6.4,-0.01,0.4957217,-0.8831317,4,17,14,25,31,250000
"2017-04-17 14:25:32",6623,990006,119.7,12.28,70,29.7433,-149,-52.9879,2,9,0.8,-6.4,7.814,0.4957217,-0.8831317,4,17,14,25,32,0
"2017-04-17 14:25:32.75",6624,241701,66.02,12.25,70,29.7377,-149,-53.0022,2,10,0.7,-7.6,4.31,0.4956283,-0.8833701,4,17,14,25,32,750000
"2017-04-17 14:25:33.25",6625,241702,82.7,12.28,70,29.7363,-149,-53.0025,2,10,0.7,-8.7,5.398,0.495605,-0.883375,4,17,14,25,33,250000
"2017-04-17 14:25:33.75",6626,241703,83.9,12.27,70,29.7361,-149,-53.0033,2,10,0.7,-9.5,5.478,0.4956016,-0.8833883,4,17,14,25,33,750000
"2017-04-17 14:25:34.25",6627,241704,78.64,12.26,70,29.7356,-149,-53.0047,2,10,0.7,-9.3,5.133,0.4955933,-0.8834117,4,17,14,25,34,250000
"2017-04-17 14:25:34.75",6628,241705,68.19,12.28,70,29.7347,-149,-53.0066,2,10,0.7,-10.4,4.451,0.4955783,-0.8834433,4,17,14,25,34,750000
"2017-04-17 14:25:35.5",6629,241706,58.58,12.27,70,29.734,-149,-53.009,2,10,0.7,-10,3.823,0.4955667,-0.8834833,4,17,14,25,35,500000
"2017-04-17 14:25:36",6630,241707,44.57,12.28,70,29.7334,-149,-53.0091,2,10,0.7,-11.1,2.909,0.4955567,-0.883485,4,17,14,25,36,0
"2017-04-17 14:25:36.75",6631,241708,40.35,12.26,70,29.7327,-149,-53.0097,2,10,0.7,-11.4,2.634,0.495545,-0.883495,4,17,14,25,36,750000
"2017-04-17 14:25:37.25",6632,241709,31.46,12.29,70,29.7323,-149,-53.0104,2,10,0.7,-11.8,2.053,0.4955383,-0.8835066,4,17,14,25,37,250000
"2017-04-17 14:25:38",6633,241710,28.01,12.28,70,29.7326,-149,-53.0113,2,10,0.7,-11.4,1.828,0.4955433,-0.8835217,4,17,14,25,38,0
"2017-04-17 14:25:38.5",6634,241711,34.85,12.29,70,29.7314,-149,-53.013,2,10,0.7,-11.7,2.274,0.4955233,-0.88355,4,17,14,25,38,500000
"2017-04-17 14:25:39.25",6635,241712,49.35,12.28,70,29.731,-149,-53.0148,2,10,0.7,-11.7,3.221,0.4955167,-0.88358,4,17,14,25,39,250000
"2017-04-17 14:25:40",6636,241713,33.34,12.27,70,29.7304,-149,-53.0153,2,10,0.7,-11.5,2.177,0.4955067,-0.8835884,4,17,14,25,40,0
"2017-04-17 14:25:40.75",6637,241714,33.84,12.27,70,29.7296,-149,-53.0177,2,10,0.7,-10.9,2.209,0.4954934,-0.8836283,4,17,14,25,40,750000
"2017-04-17 14:25:41.5",6638,241715,37.35,12.25,70,29.729,-149,-53.0186,2,10,0.7,-11.7,2.438,0.4954833,-0.8836434,4,17,14,25,41,500000
"2017-04-17 14:25:42.25",6639,241716,36.85,12.28,70,29.7286,-149,-53.0198,2,10,0.7,-12.2,2.405,0.4954767,-0.8836633,4,17,14,25,42,250000
"2017-04-17 14:25:43",6640,241717,24.01,12.27,70,29.7283,-149,-53.021,2,10,0.7,-11.6,1.567,0.4954716,-0.8836834,4,17,14,25,43,0
"2017-04-17 14:25:43.75",6641,241718,28.95,12.29,70,29.7275,-149,-53.0227,2,10,0.7,-12,1.89,0.4954583,-0.8837117,4,17,14,25,43,750000
"2017-04-17 14:25:44.5",6642,241719,30.95,12.28,70,29.7275,-149,-53.0232,2,10,0.7,-11.7,2.021,0.4954583,-0.8837201,4,17,14,25,44,500000
"2017-04-17 14:25:45.25",6643,241720,37.57,12.28,70,29.7266,-149,-53.0243,2,10,0.7,-11.8,2.452,0.4954434,-0.8837383,4,17,14,25,45,250000
"2017-04-17 14:25:46",6644,241721,39.07,12.26,70,29.726,-149,-53.0269,2,10,0.7,-11.2,2.55,0.4954333,-0.8837817,4,17,14,25,46,0
"2017-04-17 14:25:46.75",6645,241722,33.57,12.27,70,29.7255,-149,-53.0278,2,10,0.7,-11,2.191,0.495425,-0.8837967,4,17,14,25,46,750000
"2017-04-17 14:25:47.5",6646,241723,30.68,12.27,70,29.7251,-149,-53.0289,2,10,0.7,-11.7,2.002,0.4954183,-0.883815,4,17,14,25,47,500000
"2017-04-17 14:25:48.5",6647,241724,27.73,12.26,70,29.7246,-149,-53.0295,2,10,0.7,-11.6,1.81,0.49541,-0.883825,4,17,14,25,48,500000
"2017-04-17 14:25:49.25",6648,241725,17.73,12.28,70,29.7234,-149,-53.0327,2,10,0.7,-11.4,1.157,0.49539,-0.8838783,4,17,14,25,49,250000
"2017-04-17 14:25:49.75",6649,241726,17.95,12.27,70,29.7231,-149,-53.0311,2,10,0.7,-11,1.172,0.495385,-0.8838517,4,17,14,25,49,750000
"2017-04-17 14:25:50.5",6650,241727,14.78,12.26,70,29.7226,-149,-53.0283,2,10,0.7,-10.8,0.97,0.4953767,-0.883805,4,17,14,25,50,500000
"2017-04-17 14:25:51.25",6651,241728,15.06,12.26,70,29.7223,-149,-53.0285,2,10,0.7,-10.3,0.98,0.4953717,-0.8838083,4,17,14,25,51,250000
"2017-04-17 14:25:52",6652,241729,14.89,12.27,70,29.7216,-149,-53.026,2,10,0.7,-9.8,0.97,0.49536,-0.8837667,4,17,14,25,52,0
"2017-04-17 14:25:52.5",6653,241730,17.73,12.28,70,29.7214,-149,-53.024,2,10,0.7,-10,1.157,0.4953566,-0.8837334,4,17,14,25,52,500000
"2017-04-17 14:25:53.25",6654,241731,35.12,12.28,70,29.721,-149,-53.0227,2,10,0.7,-9.4,2.293,0.49535,-0.8837117,4,17,14,25,53,250000
"2017-04-17 14:25:54",6655,241732,37.9,12.28,70,29.7208,-149,-53.0219,2,10,0.7,-9.2,2.474,0.4953467,-0.8836983,4,17,14,25,54,0
"2017-04-17 14:25:54.75",6656,241733,38.74,12.28,70,29.7206,-149,-53.0195,2,10,0.7,-9,2.528,0.4953433,-0.8836583,4,17,14,25,54,750000
"2017-04-17 14:25:55.75",6657,241734,34.57,12.28,70,29.7207,-149,-53.0186,2,10,0.7,-8.3,2.256,0.495345,-0.8836434,4,17,14,25,55,750000
"2017-04-17 14:25:56.5",6658,241735,24.45,12.26,70,29.7205,-149,-53.0163,2,10,0.7,-9.2,1.596,0.4953417,-0.883605,4,17,14,25,56,500000
"2017-04-17 14:25:57.25",6659,241736,27.73,12.28,70,29.72,-149,-53.0147,2,10,0.7,-8,1.81,0.4953333,-0.8835784,4,17,14,25,57,250000
"2017-04-17 14:25:58",6660,241737,29.68,12.27,70,29.7195,-149,-53.0125,2,10,0.7,-7.7,1.937,0.495325,-0.8835417,4,17,14,25,58,0
"2017-04-17 14:25:59",6661,241738,37.29,12.27,70,29.7195,-149,-53.0116,2,10,0.7,-7.8,2.434,0.495325,-0.8835267,4,17,14,25,59,0
"2017-04-17 14:25:59.75",6662,241739,41.57,12.28,70,29.7194,-149,-53.0095,2,10,0.7,-8.1,2.713,0.4953233,-0.8834916,4,17,14,25,59,750000
"2017-04-17 14:26:00.5",6663,241740,24.01,12.27,70,29.719,-149,-53.0095,2,10,0.7,-7.9,1.567,0.4953166,-0.8834916,4,17,14,26,0,500000
"2017-04-17 14:26:01.25",6664,241741,31.34,12.28,70,29.7186,-149,-53.0071,2,10,0.7,-7.9,2.046,0.49531,-0.8834517,4,17,14,26,1,250000
"2017-04-17 14:26:02",6665,241742,21.34,12.26,70,29.7187,-149,-53.0019,2,10,0.7,-7.8,1.393,0.4953117,-0.883365,4,17,14,26,2,0
"2017-04-17 14:26:03",6666,241743,26.34,12.28,70,29.7188,-149,-52.9986,2,10,0.8,-8.2,1.719,0.4953133,-0.88331,4,17,14,26,3,0
"2017-04-17 14:26:03.75",6667,241744,23.79,12.27,70,29.7187,-149,-52.9983,2,10,0.7,-8.4,1.553,0.4953117,-0.883305,4,17,14,26,3,750000
"2017-04-17 14:26:04.75",6668,241745,20.95,12.27,70,29.7187,-149,-52.997,2,10,0.7,-7.5,1.368,0.4953117,-0.8832834,4,17,14,26,4,750000
"2017-04-17 14:26:05.75",6669,241746,17.78,12.27,70,29.7184,-149,-52.9955,2,10,0.7,-7.2,1.161,0.4953066,-0.8832583,4,17,14,26,5,750000
"2017-04-17 14:26:06.5",6670,241747,12.67,12.28,70,29.7181,-149,-52.9926,2,10,0.7,-7.2,0.83,0.4953017,-0.88321,4,17,14,26,6,500000
"2017-04-17 14:26:07.75",6671,241748,8.34,12.27,70,29.7179,-149,-52.9892,2,10,0.7,-7.3,0.54,0.4952983,-0.8831533,4,17,14,26,7.000,750000
"2017-04-17 14:26:08.25",6672,241749,5.335,12.27,70,29.7177,-149,-52.9883,2,10,0.7,-7.3,0.35,0.495295,-0.8831383,4,17,14,26,8,250000
"2017-04-17 14:26:09.5",6673,241750,20.51,12.27,70,29.7173,-149,-52.9872,2,10,0.7,-7.7,1.339,0.4952884,-0.88312,4,17,14,26,9,500000
"2017-04-17 14:26:10.5",6674,241751,25.73,12.27,70,29.7171,-149,-52.9842,2,10,0.7,-7.4,1.68,0.495285,-0.88307,4,17,14,26,10,500000
"2017-04-17 14:26:11.75",6675,241752,27.56,12.26,70,29.7164,-149,-52.9847,2,10,0.7,-7.5,1.799,0.4952733,-0.8830783,4,17,14,26,11,750000
"2017-04-17 14:26:12.5",6676,241753,33.51,12.28,70,29.7164,-149,-52.9835,2,10,0.7,-8.1,2.187,0.4952733,-0.8830584,4,17,14,26,12,500000
"2017-04-17 14:26:13.25",6677,241754,32.62,12.28,70,29.7159,-149,-52.9821,2,10,0.7,-8.1,2.129,0.495265,-0.883035,4,17,14,26,13,250000
"2017-04-17 14:26:14.25",6678,241755,29.9,12.27,70,29.7153,-149,-52.9831,2,10,0.7,-8.4,1.952,0.495255,-0.8830517,4,17,14,26,14,250000
"2017-04-17 14:26:15",6679,241756,6.724,12.25,70,29.7143,-149,-52.9849,2,10,0.7,-8.3,0.44,0.4952383,-0.8830817,4,17,14,26,15,0
"2017-04-17 14:26:15.75",6680,241757,11.45,12.27,70,29.7142,-149,-52.9848,2,10,0.7,-8.3,0.75,0.4952367,-0.8830799,4,17,14,26,15,750000
"2017-04-17 14:26:16.5",6681,241758,13.17,12.26,70,29.7135,-149,-52.9867,2,10,0.7,-7.8,0.86,0.495225,-0.8831117,4,17,14,26,16,500000
"2017-04-17 14:26:17.5",6682,241759,14.78,12.27,70,29.7133,-149,-52.9878,2,10,0.7,-8.4,0.97,0.4952217,-0.88313,4,17,14,26,17,500000
"2017-04-17 14:26:18.5",6683,241760,22.06,12.27,70,29.7124,-149,-52.9903,2,10,0.7,-8.3,1.44,0.4952067,-0.8831717,4,17,14,26,18,500000
"2017-04-17 14:26:19.5",6684,241761,30.18,12.27,70,29.7119,-149,-52.9928,2,10,0.7,-8.7,1.97,0.4951983,-0.8832134,4,17,14,26,19,500000
"2017-04-17 14:26:20",6685,241762,38.79,12.26,70,29.7115,-149,-52.9935,2,10,0.7,-7.7,2.532,0.4951917,-0.883225,4,17,14,26,20,0
"2017-04-17 14:26:20.75",6686,241763,41.51,12.26,70,29.7111,-149,-52.9956,2,10,0.7,-8.4,2.71,0.495185,-0.88326,4,17,14,26,20,750000
"2017-04-17 14:26:22",6687,241764,34.73,12.27,70,29.7109,-149,-52.998,2,10,0.7,-7.8,2.267,0.4951816,-0.8833,4,17,14,26,22,0
"2017-04-17 14:26:22.75",6688,241765,34.4,12.28,70,29.7107,-149,-52.9984,2,10,0.7,-8.1,2.245,0.4951783,-0.8833067,4,17,14,26,22,750000
"2017-04-17 14:26:23.75",6689,241766,32.96,12.26,70,29.7106,-149,-52.9993,2,10,0.7,-8.4,2.151,0.4951767,-0.8833217,4,17,14,26,23,750000
"2017-04-17 14:26:25",6690,241767,28.23,12.27,70,29.7105,-149,-53.0001,2,10,0.7,-9,1.843,0.495175,-0.883335,4,17,14,26,25,0
"2017-04-17 14:26:25.75",6691,241768,27.56,12.27,70,29.7101,-149,-53.0024,2,10,0.7,-8.7,1.799,0.4951683,-0.8833734,4,17,14,26,25,750000
"2017-04-17 14:26:26.5",6692,241769,26.73,12.28,70,29.7095,-149,-53.0035,2,10,0.7,-8.3,1.745,0.4951583,-0.8833917,4,17,14,26,26,500000
"2017-04-17 14:26:27.5",6693,241770,27.06,12.28,70,29.7089,-149,-53.0044,2,10,0.7,-8.1,1.767,0.4951483,-0.8834066,4,17,14,26,27,500000
"2017-04-17 14:26:28",6694,241771,26.4,12.27,70,29.7089,-149,-53.0047,2,10,0.7,-8.1,1.723,0.4951483,-0.8834117,4,17,14,26,28,0
"2017-04-17 14:26:28.75",6695,241772,28.06,12.28,70,29.7083,-149,-53.0068,2,10,0.7,-8.7,1.832,0.4951383,-0.8834467,4,17,14,26,28,750000
"2017-04-17 14:26:29.5",6696,241773,25.34,12.28,70,29.7075,-149,-53.0081,2,10,0.7,-8.9,1.654,0.495125,-0.8834683,4,17,14,26,29,500000
"2017-04-17 14:26:30.25",6697,241774,21.9,12.27,70,29.7071,-149,-53.0099,2,10,0.7,-9,1.429,0.4951183,-0.8834983,4,17,14,26,30,250000
"2017-04-17 14:26:31",6698,241775,22.29,12.27,70,29.7069,-149,-53.0109,2,10,0.7,-9.8,1.455,0.495115,-0.883515,4,17,14,26,31,0
"2017-04-17 14:26:32.5",6699,241776,24.51,12.27,70,29.7067,-149,-53.0132,2,10,0.7,-9.2,1.6,0.4951116,-0.8835534,4,17,14,26,32,500000
"2017-04-17 14:26:33",6700,241777,26.68,12.28,70,29.7065,-149,-53.0134,2,10,0.7,-9.5,1.741,0.4951083,-0.8835566,4,17,14,26,33,0
"2017-04-17 14:26:34",6701,241778,25.06,12.28,70,29.7058,-149,-53.0162,2,10,0.7,-9,1.636,0.4950966,-0.8836034,4,17,14,26,34,0
"2017-04-17 14:26:34.75",6702,241779,25.12,12.25,70,29.7055,-149,-53.0176,2,10,0.7,-8.9,1.64,0.4950916,-0.8836267,4,17,14,26,34,750000
"2017-04-17 14:26:35.75",6703,241780,24.01,12.26,70,29.7059,-149,-53.0187,2,10,0.8,-8.4,1.567,0.4950983,-0.883645,4,17,14,26,35,750000
"2017-04-17 14:26:36.5",6704,241781,28.57,12.28,70,29.7056,-149,-53.0206,2,10,0.7,-8.3,1.865,0.4950934,-0.8836766,4,17,14,26,36,500000
"2017-04-17 14:26:36.75",6705,241782,21.12,12.26,70,29.7048,-149,-53.022,2,10,0.7,-9.2,1.378,0.49508,-0.8837,4,17,14,26,36,750000
"2017-04-17 14:26:37.5",6706,241783,29.45,12.27,70,29.7046,-149,-53.0216,2,10,0.7,-9.1,1.923,0.4950766,-0.8836934,4,17,14,26,37,500000
"2017-04-17 14:26:38",6707,241784,21.95,12.28,70,29.7046,-149,-53.0216,2,10,0.7,-9.1,1.433,0.4950766,-0.8836934,4,17,14,26,38,0
"2017-04-17 14:26:39",6708,241785,19.73,12.28,70,29.7039,-149,-53.0248,2,10,0.7,-8.7,1.288,0.495065,-0.8837467,4,17,14,26,39,0
"2017-04-17 14:26:39.75",6709,241786,17.95,12.28,70,29.7035,-149,-53.0258,2,10,0.7,-9.1,1.172,0.4950584,-0.8837633,4,17,14,26,39,750000
"2017-04-17 14:26:40.75",6710,241787,21.17,12.29,70,29.7032,-149,-53.0262,2,10,0.7,-8.5,1.382,0.4950533,-0.88377,4,17,14,26,40,750000
"2017-04-17 14:26:41",6711,241788,10.84,12.28,70,29.7028,-149,-53.0286,2,10,0.7,-8.5,0.71,0.4950467,-0.88381,4,17,14,26,41,0
"2017-04-17 14:26:41.75",6712,241789,11.45,12.27,70,29.7028,-149,-53.0299,2,10,0.7,-9,0.75,0.4950467,-0.8838317,4,17,14,26,41,750000
"2017-04-17 14:26:42.75",6713,241790,36.51,12.28,70,29.7025,-149,-53.033,2,10,0.7,-8.5,2.383,0.4950417,-0.8838834,4,17,14,26,42,750000
"2017-04-17 14:26:43.25",6714,241791,36.9,12.29,70,29.7023,-149,-53.0349,2,10,0.7,-8.3,2.409,0.4950383,-0.883915,4,17,14,26,43,250000
"2017-04-17 14:26:44",6715,241792,37.12,12.28,70,29.702,-149,-53.0361,2,10,0.7,-8.1,2.423,0.4950333,-0.883935,4,17,14,26,44,0
"2017-04-17 14:26:45.25",6716,241793,38.12,12.29,70,29.7018,-149,-53.0348,2,10,0.7,-9.1,2.488,0.49503,-0.8839134,4,17,14,26,45,250000
"2017-04-17 14:26:45.5",6717,241794,30.12,12.28,70,29.7014,-149,-53.0333,2,10,0.7,-9,1.966,0.4950233,-0.8838883,4,17,14,26,45,500000
"2017-04-17 14:26:46.25",6718,241795,23.73,12.28,70,29.7014,-149,-53.0325,2,10,0.7,-9.5,1.549,0.4950233,-0.883875,4,17,14,26,46,250000
"2017-04-17 14:26:47",6719,241796,22.84,12.28,70,29.7004,-149,-53.0312,2,10,0.7,-10,1.491,0.4950066,-0.8838533,4,17,14,26,47,0
"2017-04-17 14:26:47.25",6720,241797,28.12,12.28,70,29.6996,-149,-53.029,2,10,0.7,-9,1.836,0.4949933,-0.8838166,4,17,14,26,47,250000
"2017-04-17 14:26:48",6721,241798,32.73,12.28,70,29.6991,-149,-53.0272,2,10,0.7,-9.7,2.137,0.494985,-0.8837866,4,17,14,26,48,0
"2017-04-17 14:26:48.25",6722,241799,34.57,12.28,70,29.6982,-149,-53.0259,2,10,0.7,-9.5,2.256,0.49497,-0.883765,4,17,14,26,48,250000
"2017-04-17 14:26:49.25",6723,241800,26.51,12.29,70,29.698,-149,-53.0256,2,10,0.7,-9.2,1.73,0.4949666,-0.88376,4,17,14,26,49,250000
"2017-04-17 14:26:50",6724,241801,11.45,12.28,70,29.6977,-149,-53.0233,2,10,0.7,-8.4,0.75,0.4949617,-0.8837217,4,17,14,26,50,0
"2017-04-17 14:26:51.25",6725,241802,13.95,12.29,70,29.6976,-149,-53.0224,2,10,0.7,-8.8,0.91,0.49496,-0.8837067,4,17,14,26,51,250000
"2017-04-17 14:26:52.75",6726,241803,15.95,12.28,70,29.6971,-149,-53.0221,2,10,0.7,-7.8,1.041,0.4949517,-0.8837016,4,17,14,26,52,750000
"2017-04-17 14:26:53.5",6727,241804,17.78,12.28,70,29.6962,-149,-53.0184,2,10,0.7,-8.5,1.161,0.4949366,-0.88364,4,17,14,26,53,500000
"2017-04-17 14:26:54.25",6728,241805,25.29,12.27,70,29.6958,-149,-53.0185,2,10,0.7,-7.7,1.651,0.49493,-0.8836417,4,17,14,26,54,250000
"2017-04-17 14:26:55",6729,241806,26.12,12.27,70,29.6952,-149,-53.0149,2,10,0.7,-8.6,1.705,0.49492,-0.8835817,4,17,14,26,55,0
"2017-04-17 14:26:55.75",6730,241807,32.4,12.29,70,29.695,-149,-53.0118,2,10,0.7,-8.2,2.115,0.4949166,-0.88353,4,17,14,26,55,750000
"2017-04-17 14:26:56.5",6731,241808,29.9,12.29,70,29.695,-149,-53.0113,2,10,0.7,-8.1,1.952,0.4949166,-0.8835217,4,17,14,26,56,500000
"2017-04-17 14:26:57",6732,241809,24.29,12.28,70,29.6956,-149,-53.01,2,10,0.8,-8.9,1.585,0.4949267,-0.8835,4,17,14,26,57,0
"2017-04-17 14:26:57.75",6733,241810,15.23,12.28,70,29.6959,-149,-53.0077,2,10,0.7,-8.8,0.99,0.4949317,-0.8834617,4,17,14,26,57,750000
"2017-04-17 14:26:58.5",6734,241811,18.17,12.29,70,29.6966,-149,-53.0066,2,10,0.7,-8,1.186,0.4949433,-0.8834433,4,17,14,26,58,500000
"2017-04-17 14:26:59.5",6735,241812,26.01,12.29,70,29.6972,-149,-53.0053,2,10,0.7,-8.6,1.698,0.4949533,-0.8834217,4,17,14,26,59,500000
"2017-04-17 14:27:00.25",6736,241813,13.56,12.29,70,29.6972,-149,-53.0058,2,10,0.7,-9.8,0.89,0.4949533,-0.8834299,4,17,14,27,0,250000
"2017-04-17 14:27:01.25",6737,241814,13.67,12.28,70,29.6978,-149,-53.0054,2,10,0.8,-9.5,0.89,0.4949633,-0.8834234,4,17,14,27,1,250000
"2017-04-17 14:27:02",6738,241815,14.78,12.27,70,29.6984,-149,-53.0034,2,10,0.7,-10.6,0.97,0.4949733,-0.88339,4,17,14,27,2,0
"2017-04-17 14:27:02.5",6739,241816,16.62,12.29,70,29.699,-149,-53.0031,2,10,0.7,-10.8,1.085,0.4949833,-0.883385,4,17,14,27,2,500000
"2017-04-17 14:27:03",6740,241817,14.34,12.26,70,29.6999,-149,-53.0022,2,10,0.7,-10.4,0.94,0.4949983,-0.8833701,4,17,14,27,3,0
"2017-04-17 14:27:03.75",6741,241818,15.34,12.29,70,29.6998,-149,-53.0015,2,10,0.7,-10,1.001,0.4949967,-0.8833583,4,17,14,27,3,750000
"2017-04-17 14:27:04.5",6742,241819,21.95,12.29,70,29.701,-149,-52.9987,2,10,0.8,-10.8,1.433,0.4950167,-0.8833116,4,17,14,27,4,500000
"2017-04-17 14:27:05",6743,241820,25.4,12.27,70,29.7011,-149,-52.9992,2,10,0.7,-10.6,1.658,0.4950183,-0.88332,4,17,14,27,5,0
"2017-04-17 14:27:05.75",6744,241821,28.12,12.28,70,29.7017,-149,-52.9991,2,10,0.7,-10.9,1.836,0.4950284,-0.8833183,4,17,14,27,5,750000
"2017-04-17 14:27:06.75",6745,241822,28.51,12.27,70,29.7026,-149,-52.9994,2,10,0.7,-9.8,1.861,0.4950433,-0.8833234,4,17,14,27,6,750000
"2017-04-17 14:27:07.25",6746,241823,27.79,12.27,70,29.7027,-149,-52.9981,2,10,0.7,-10.4,1.814,0.495045,-0.8833017,4,17,14,27,7.000,250000
"2017-04-17 14:27:08",6747,241824,19.67,12.28,70,29.7031,-149,-52.9989,2,10,0.7,-9.8,1.284,0.4950517,-0.883315,4,17,14,27,8,0
"2017-04-17 14:27:08.75",6748,241825,25.9,12.28,70,29.7038,-149,-52.9967,2,10,0.7,-10.4,1.69,0.4950633,-0.8832783,4,17,14,27,8,750000
"2017-04-17 14:27:09.25",6749,241826,20.23,12.28,70,29.7044,-149,-52.9966,2,10,0.7,-10,1.32,0.4950733,-0.8832767,4,17,14,27,9,250000
"2017-04-17 14:27:10.25",6750,241827,19.23,12.27,70,29.7044,-149,-52.9952,2,10,0.7,-9.9,1.255,0.4950733,-0.8832534,4,17,14,27,10,250000
"2017-04-17 14:27:10.75",6751,241828,19.95,12.28,70,29.7047,-149,-52.9945,2,10,0.7,-9.8,1.302,0.4950784,-0.8832417,4,17,14,27,10,750000
"2017-04-17 14:27:11",6752,241829,14.95,12.27,70,29.7051,-149,-52.9935,2,10,0.8,-9.5,0.98,0.495085,-0.883225,4,17,14,27,11,0
"2017-04-17 14:27:11.25",6753,241830,14.06,12.28,70,29.7057,-149,-52.9933,2,10,0.7,-9.4,0.92,0.495095,-0.8832217,4,17,14,27,11,250000
"2017-04-17 14:27:12.5",6754,241831,12.06,12.28,70,29.7061,-149,-52.9923,2,10,0.7,-9.5,0.79,0.4951017,-0.883205,4,17,14,27,12,500000
"2017-04-17 14:27:13.25",6755,241832,13.78,12.29,70,29.707,-149,-52.9935,2,10,0.7,-9.3,0.9,0.4951167,-0.883225,4,17,14,27,13,250000
"2017-04-17 14:27:14.25",6756,241833,21.45,12.27,70,29.7077,-149,-52.9937,2,10,0.7,-9,1.4,0.4951283,-0.8832283,4,17,14,27,14,250000
"2017-04-17 14:27:15",6757,241834,22.23,12.28,70,29.708,-149,-52.9944,2,10,0.7,-8.9,1.451,0.4951334,-0.88324,4,17,14,27,15,0
"2017-04-17 14:27:15.5",6758,241835,23.95,12.27,70,29.7082,-149,-52.9949,2,10,0.7,-9.3,1.563,0.4951367,-0.8832483,4,17,14,27,15,500000
"2017-04-17 14:27:16.25",6759,241836,15.06,12.28,70,29.7087,-149,-52.9951,2,10,0.7,-9.2,0.98,0.495145,-0.8832516,4,17,14,27,16,250000
"2017-04-17 14:27:16.75",6760,241837,23.06,12.28,70,29.7091,-149,-52.9929,2,10,0.7,-9,1.505,0.4951517,-0.883215,4,17,14,27,16,750000
"2017-04-17 14:27:17",6761,241838,25.17,12.27,70,29.7095,-149,-52.992,2,10,0.7,-8.5,1.643,0.4951583,-0.8832,4,17,14,27,17,0
"2017-04-17 14:27:18.25",6762,241839,13.45,12.28,70,29.7105,-149,-52.9889,2,10,0.7,-9.4,0.88,0.495175,-0.8831483,4,17,14,27,18,250000
"2017-04-17 14:27:19",6763,241840,28.4,12.26,70,29.7107,-149,-52.9863,2,10,0.7,-9.5,1.854,0.4951783,-0.883105,4,17,14,27,19,0
"2017-04-17 14:27:19.75",6764,241841,29.07,12.26,70,29.7112,-149,-52.9849,2,10,0.7,-9.1,1.897,0.4951867,-0.8830817,4,17,14,27,19,750000
"2017-04-17 14:27:20.25",6765,241842,23.67,12.28,70,29.7113,-149,-52.9841,2,10,0.8,-8.9,1.545,0.4951883,-0.8830683,4,17,14,27,20,250000
"2017-04-17 14:27:21",6766,241843,27.84,12.29,70,29.7118,-149,-52.9826,2,10,0.7,-9.2,1.817,0.4951967,-0.8830434,4,17,14,27,21,0
"2017-04-17 14:27:21.75",6767,241844,30.29,12.28,70,29.7122,-149,-52.9816,2,10,0.8,-8.9,1.977,0.4952034,-0.8830267,4,17,14,27,21,750000
"2017-04-17 14:27:22.75",6768,241845,31.23,12.28,70,29.7128,-149,-52.9813,2,10,0.7,-8.8,2.039,0.4952133,-0.8830217,4,17,14,27,22,750000
"2017-04-17 14:27:23.5",6769,241846,36.07,12.28,70,29.7134,-149,-52.9811,2,10,0.8,-8.3,2.354,0.4952234,-0.8830183,4,17,14,27,23,500000
"2017-04-17 14:27:24.25",6770,241847,37.12,12.28,70,29.7138,-149,-52.9799,2,10,0.8,-9.2,2.423,0.49523,-0.8829983,4,17,14,27,24,250000
"2017-04-17 14:27:24.5",6771,241848,39.4,12.28,70,29.7141,-149,-52.9802,2,10,0.8,-8.7,2.572,0.495235,-0.8830034,4,17,14,27,24,500000
"2017-04-17 14:27:25.25",6772,241849,30.45,12.29,70,29.7146,-149,-52.979,2,10,0.7,-9.1,1.988,0.4952434,-0.8829834,4,17,14,27,25,250000
"2017-04-17 14:27:25.75",6773,241850,39.46,12.28,70,29.7155,-149,-52.9786,2,10,0.7,-9.3,2.576,0.4952583,-0.8829766,4,17,14,27,25,750000
"2017-04-17 14:27:26.5",6774,241851,32.79,12.28,70,29.716,-149,-52.9797,2,10,0.7,-9.1,2.14,0.4952666,-0.882995,4,17,14,27,26,500000
"2017-04-17 14:27:27.25",6775,241852,36.01,12.28,70,29.7165,-149,-52.9793,2,10,0.8,-9.8,2.351,0.495275,-0.8829883,4,17,14,27,27,250000
"2017-04-17 14:27:28",6776,241853,31.18,12.28,70,29.7163,-149,-52.9785,2,10,0.7,-10.3,2.035,0.4952716,-0.882975,4,17,14,27,28,0
"2017-04-17 14:27:29",6777,241854,27.34,12.27,70,29.717,-149,-52.9781,2,10,0.8,-10.2,1.785,0.4952833,-0.8829683,4,17,14,27,29,0
"2017-04-17 14:27:29.75",6778,241855,22.56,12.28,70,29.7177,-149,-52.9783,2,10,0.7,-11,1.473,0.495295,-0.8829717,4,17,14,27,29,750000
"2017-04-17 14:27:30.5",6779,241856,25.23,12.28,70,29.7181,-149,-52.9785,2,10,0.7,-11,1.647,0.4953017,-0.882975,4,17,14,27,30,500000
"2017-04-17 14:27:31.25",6780,241857,10.61,12.27,70,29.719,-149,-52.9796,2,10,0.8,-10.7,0.69,0.4953166,-0.8829934,4,17,14,27,31,250000
"2017-04-17 14:27:31.5",6781,241858,23.9,12.29,70,29.7189,-149,-52.9787,2,10,0.7,-10.3,1.56,0.495315,-0.8829783,4,17,14,27,31,500000
"2017-04-17 14:27:32.25",6782,241859,19.62,12.27,70,29.7199,-149,-52.9792,2,10,0.7,-10,1.281,0.4953317,-0.8829866,4,17,14,27,32,250000
"2017-04-17 14:27:32.75",6783,241860,20.34,12.28,70,29.7204,-149,-52.977,2,10,0.7,-10.5,1.328,0.49534,-0.88295,4,17,14,27,32,750000
"2017-04-17 14:27:33.5",6784,241861,18.17,12.28,70,29.7211,-149,-52.977,2,10,0.8,-11.5,1.186,0.4953517,-0.88295,4,17,14,27,33,500000
"2017-04-17 14:27:34",6785,241862,15.73,12.28,70,29.7216,-149,-52.9773,2,10,0.7,-11.1,1.027,0.49536,-0.882955,4,17,14,27,34,0
"2017-04-17 14:27:34.75",6786,241863,25.34,12.27,70,29.7223,-149,-52.9775,2,10,0.7,-11,1.654,0.4953717,-0.8829583,4,17,14,27,34,750000
"2017-04-17 14:27:35",6787,241864,27.62,12.28,70,29.7231,-149,-52.9764,2,10,0.7,-11.2,1.803,0.495385,-0.88294,4,17,14,27,35,0
"2017-04-17 14:27:35.75",6788,241865,24.9,12.29,70,29.7233,-149,-52.9765,2,10,0.7,-11.3,1.625,0.4953884,-0.8829417,4,17,14,27,35,750000
"2017-04-17 14:27:36.75",6789,241866,19.9,12.27,70,29.7237,-149,-52.9751,2,10,0.7,-11.1,1.299,0.495395,-0.8829183,4,17,14,27,36,750000
"2017-04-17 14:27:37.5",6790,241867,23.95,12.29,70,29.7244,-149,-52.9743,2,10,0.7,-11.4,1.563,0.4954066,-0.882905,4,17,14,27,37,500000
"2017-04-17 14:27:38.75",6791,241868,25.4,12.29,70,29.7248,-149,-52.9736,2,10,0.8,-11.2,1.658,0.4954133,-0.8828934,4,17,14,27,38,750000
"2017-04-17 14:27:39",6792,241869,29.73,12.26,70,29.7251,-149,-52.9739,2,10,0.7,-11.6,1.941,0.4954183,-0.8828983,4,17,14,27,39,0
"2017-04-17 14:27:39.25",6793,241870,34.79,12.27,70,29.7256,-149,-52.9727,2,10,0.7,-11.1,2.271,0.4954266,-0.8828783,4,17,14,27,39,250000
"2017-04-17 14:27:40",6794,241871,32.34,12.28,70,29.7259,-149,-52.9727,2,10,0.7,-10.6,2.111,0.4954317,-0.8828783,4,17,14,27,40,0
"2017-04-17 14:27:40.75",6795,241872,38.57,12.28,70,29.7267,-149,-52.9721,2,10,0.7,-10.9,2.518,0.495445,-0.8828683,4,17,14,27,40,750000
"2017-04-17 14:27:41.5",6796,241873,24.29,12.28,70,29.727,-149,-52.9716,2,10,0.7,-10.8,1.585,0.49545,-0.88286,4,17,14,27,41,500000
"2017-04-17 14:27:42",6797,241874,23.12,12.26,70,29.7274,-149,-52.9711,2,10,0.7,-10.8,1.509,0.4954567,-0.8828517,4,17,14,27,42,0
"2017-04-17 14:27:42.75",6798,241875,24.4,12.28,70,29.7275,-149,-52.9704,2,10,0.7,-10.4,1.592,0.4954583,-0.88284,4,17,14,27,42,750000
"2017-04-17 14:27:43.75",6799,241876,26.51,12.28,70,29.7283,-149,-52.9684,2,10,0.8,-11,1.73,0.4954716,-0.8828066,4,17,14,27,43,750000
"2017-04-17 14:27:44.75",6800,241877,14.23,12.28,70,29.7289,-149,-52.9684,2,10,0.7,-10.2,0.93,0.4954817,-0.8828066,4,17,14,27,44,750000
"2017-04-17 14:27:45.5",6801,241878,18.06,12.27,70,29.729,-149,-52.9681,2,10,0.7,-10.7,1.179,0.4954833,-0.8828017,4,17,14,27,45,500000
"2017-04-17 14:27:46.25",6802,241879,15.95,12.27,70,29.7293,-149,-52.9675,2,10,0.8,-10.5,1.041,0.4954883,-0.8827916,4,17,14,27,46,250000
"2017-04-17 14:27:46.75",6803,241880,14,12.28,70,29.7297,-149,-52.9661,2,10,0.7,-11.1,0.91,0.495495,-0.8827683,4,17,14,27,46,750000
"2017-04-17 14:27:47.5",6804,241881,14,12.27,70,29.7306,-149,-52.966,2,10,0.7,-11.4,0.91,0.49551,-0.8827666,4,17,14,27,47,500000
"2017-04-17 14:27:48.5",6805,241882,17.56,12.27,70,29.7309,-149,-52.9664,2,10,0.7,-10.7,1.146,0.495515,-0.8827734,4,17,14,27,48,500000
"2017-04-17 14:27:49",6806,241883,24.17,12.28,70,29.7316,-149,-52.9649,2,10,0.7,-11,1.578,0.4955267,-0.8827484,4,17,14,27,49,0
"2017-04-17 14:27:50",6807,241884,27.23,12.28,70,29.7317,-149,-52.9641,2,10,0.7,-10.5,1.777,0.4955284,-0.882735,4,17,14,27,50,0
"2017-04-17 14:27:50.5",6808,241885,35.68,12.28,70,29.7329,-149,-52.9638,2,10,0.7,-10.7,2.329,0.4955483,-0.8827299,4,17,14,27,50,500000
"2017-04-17 14:27:51.25",6809,241886,46.29,12.27,70,29.7329,-149,-52.9617,2,10,0.7,-9.4,3.022,0.4955483,-0.882695,4,17,14,27,51,250000
"2017-04-17 14:27:51.75",6810,990001,-0.06,12.26,70,29.7454,-149,-53.0546,2,10,0.8,-9.5,-0.00,0.4957566,-0.8842433,4,17,14,27,51,750000
"2017-04-17 14:27:52.25",6811,990002,-0.06,12.28,70,29.7454,-149,-53.0546,2,10,0.7,-9.5,-0.00,0.4957566,-0.8842433,4,17,14,27,52,250000
"2017-04-17 14:27:53",6812,990003,119.8,12.27,70,29.7457,-149,-53.0538,2,10,0.8,-9.6,7.817,0.4957617,-0.8842299,4,17,14,27,53,0
"2017-04-17 14:27:53.5",6813,990004,119.8,12.25,70,29.7457,-149,-53.0538,2,10,0.8,-9.6,7.821,0.4957617,-0.8842299,4,17,14,27,53,500000
"2017-04-17 14:27:54.25",6814,990005,119.8,12.27,70,29.7457,-149,-53.0538,2,10,0.8,-9.6,7.817,0.4957617,-0.8842299,4,17,14,27,54,250000
"2017-04-17 14:27:54.75",6815,990006,-0.11,12.27,70,29.7456,-149,-53.0538,2,10,0.8,-9.6,-0.01,0.49576,-0.8842299,4,17,14,27,54,750000
"2017-04-17 14:27:55.25",6816,341701,15.73,12.27,70,29.7416,-149,-53.0408,2,10,0.7,-9.5,1.027,0.4956933,-0.8840133,4,17,14,27,55,250000
"2017-04-17 14:27:55.75",6817,341702,25.73,12.26,70,29.7415,-149,-53.0407,2,10,0.7,-10.5,1.68,0.4956917,-0.8840116,4,17,14,27,55,750000
"2017-04-17 14:27:56.5",6818,341703,35.85,12.26,70,29.741,-149,-53.04,2,10,0.7,-9.9,2.34,0.4956833,-0.884,4,17,14,27,56,500000
"2017-04-17 14:27:57",6819,341704,47.9,12.27,70,29.7401,-149,-53.0388,2,10,0.7,-9.2,3.127,0.4956684,-0.88398,4,17,14,27,57,0
"2017-04-17 14:27:57.75",6820,341705,43.79,12.26,70,29.74,-149,-53.0373,2,10,0.7,-10.5,2.859,0.4956666,-0.883955,4,17,14,27,57,750000
"2017-04-17 14:27:58.25",6821,341706,48.79,12.27,70,29.7394,-149,-53.0366,2,10,0.7,-9.9,3.185,0.4956567,-0.8839433,4,17,14,27,58,250000
"2017-04-17 14:27:58.75",6822,341707,52.8,12.28,70,29.7388,-149,-53.0355,2,10,0.7,-11,3.446,0.4956466,-0.883925,4,17,14,27,58,750000
"2017-04-17 14:27:59.25",6823,341708,54.96,12.26,70,29.7385,-149,-53.0348,2,10,0.7,-10,3.588,0.4956417,-0.8839134,4,17,14,27,59,250000
"2017-04-17 14:27:59.75",6824,341709,62.91,12.27,70,29.7381,-149,-53.0342,2,10,0.7,-10.4,4.106,0.495635,-0.8839034,4,17,14,27,59,750000
"2017-04-17 14:28:00.25",6825,341710,61.41,12.25,70,29.7375,-149,-53.0345,2,10,0.7,-9.7,4.008,0.495625,-0.8839083,4,17,14,28,0,250000
"2017-04-17 14:28:00.75",6826,341711,50.29,12.25,70,29.7369,-149,-53.0314,2,10,0.7,-9.9,3.283,0.495615,-0.8838566,4,17,14,28,0,750000
"2017-04-17 14:28:01.5",6827,341712,46.9,12.28,70,29.7366,-149,-53.0308,2,10,0.7,-9.7,3.062,0.49561,-0.8838466,4,17,14,28,1,500000
"2017-04-17 14:28:02",6828,341713,52.18,12.28,70,29.736,-149,-53.029,2,10,0.7,-10.3,3.406,0.4956,-0.8838166,4,17,14,28,2,0
"2017-04-17 14:28:02.5",6829,341714,38.29,12.27,70,29.7349,-149,-53.0284,2,10,0.7,-10.1,2.499,0.4955816,-0.8838066,4,17,14,28,2,500000
"2017-04-17 14:28:03.25",6830,341715,30.18,12.27,70,29.7351,-149,-53.0272,2,10,0.7,-11.5,1.97,0.495585,-0.8837866,4,17,14,28,3,250000
"2017-04-17 14:28:04",6831,341716,26.56,12.25,70,29.7348,-149,-53.027,2,10,0.7,-10.3,1.734,0.49558,-0.8837834,4,17,14,28,4,0
"2017-04-17 14:28:04.75",6832,341717,32.07,12.26,70,29.7343,-149,-53.0267,2,10,0.7,-9.7,2.093,0.4955717,-0.8837783,4,17,14,28,4,750000
"2017-04-17 14:28:05.5",6833,341718,21.56,12.28,70,29.7337,-149,-53.0254,2,10,0.7,-10.5,1.407,0.4955616,-0.8837566,4,17,14,28,5,500000
"2017-04-17 14:28:06.25",6834,341719,16.17,12.28,70,29.7332,-149,-53.0257,2,10,0.7,-9.8,1.056,0.4955534,-0.8837617,4,17,14,28,6,250000
"2017-04-17 14:28:07",6835,341720,32.9,12.26,70,29.733,-149,-53.0237,2,10,0.7,-10.2,2.148,0.49555,-0.8837283,4,17,14,28,7.000,0
"2017-04-17 14:28:07.75",6836,341721,39.9,12.25,70,29.7322,-149,-53.0232,2,10,0.7,-9.5,2.605,0.4955367,-0.8837201,4,17,14,28,7.000,750000
"2017-04-17 14:28:08.5",6837,341722,36.68,12.28,70,29.7321,-149,-53.0225,2,10,0.7,-9.9,2.394,0.495535,-0.8837083,4,17,14,28,8,500000
"2017-04-17 14:28:09.25",6838,341723,44.74,12.28,70,29.7316,-149,-53.0223,2,10,0.7,-9.4,2.92,0.4955267,-0.883705,4,17,14,28,9,250000
"2017-04-17 14:28:10",6839,341724,38.46,12.27,70,29.731,-149,-53.0217,2,10,0.7,-10,2.51,0.4955167,-0.883695,4,17,14,28,10,0
"2017-04-17 14:28:10.75",6840,341725,37.57,12.27,70,29.7308,-149,-53.0212,2,10,0.7,-9.3,2.452,0.4955134,-0.8836866,4,17,14,28,10,750000
"2017-04-17 14:28:11.5",6841,341726,34.9,12.27,70,29.7301,-149,-53.0187,2,10,0.7,-10.1,2.278,0.4955017,-0.883645,4,17,14,28,11,500000
"2017-04-17 14:28:12.25",6842,341727,35.68,12.26,70,29.7292,-149,-53.0189,2,10,0.7,-10,2.329,0.4954867,-0.8836483,4,17,14,28,12,250000
"2017-04-17 14:28:13",6843,341728,36.35,12.27,70,29.7285,-149,-53.0162,2,11,0.7,-11.2,2.372,0.495475,-0.8836034,4,17,14,28,13,0
"2017-04-17 14:28:13.75",6844,341729,39.24,12.27,70,29.7284,-149,-53.016,2,11,0.7,-10.8,2.561,0.4954733,-0.8836,4,17,14,28,13,750000
"2017-04-17 14:28:14.5",6845,341730,36.23,12.25,70,29.7282,-149,-53.0154,2,11,0.7,-11.1,2.365,0.49547,-0.88359,4,17,14,28,14,500000
"2017-04-17 14:28:15.25",6846,341731,29.34,12.27,70,29.7277,-149,-53.0151,2,11,0.7,-11.1,1.915,0.4954616,-0.883585,4,17,14,28,15,250000
"2017-04-17 14:28:16.25",6847,341732,28.84,12.26,70,29.7272,-149,-53.0143,2,11,0.7,-11.5,1.883,0.4954533,-0.8835717,4,17,14,28,16,250000
"2017-04-17 14:28:17",6848,341733,31.9,12.25,70,29.7267,-149,-53.0144,2,11,0.7,-10.9,2.082,0.495445,-0.8835734,4,17,14,28,17,0
"2017-04-17 14:28:17.75",6849,341734,24.79,12.25,70,29.7262,-149,-53.0122,2,11,0.7,-12.4,1.618,0.4954367,-0.8835366,4,17,14,28,17,750000
"2017-04-17 14:28:18.75",6850,341735,29.34,12.27,70,29.726,-149,-53.012,2,11,0.7,-11.3,1.915,0.4954333,-0.8835334,4,17,14,28,18,750000
"2017-04-17 14:28:19.5",6851,341736,28.79,12.27,70,29.7252,-149,-53.0111,2,11,0.7,-12.2,1.879,0.49542,-0.8835183,4,17,14,28,19,500000
"2017-04-17 14:28:20",6852,341737,24.84,12.25,70,29.7249,-149,-53.0098,2,11,0.7,-10.8,1.622,0.495415,-0.8834966,4,17,14,28,20,0
"2017-04-17 14:28:20.75",6853,341738,32.07,12.27,70,29.7239,-149,-53.0099,2,11,0.7,-11.6,2.093,0.4953984,-0.8834983,4,17,14,28,20,750000
"2017-04-17 14:28:21.75",6854,341739,38.18,12.25,70,29.7238,-149,-53.0094,2,11,0.7,-11.1,2.492,0.4953967,-0.88349,4,17,14,28,21,750000
"2017-04-17 14:28:22.25",6855,341740,33.46,12.26,70,29.7236,-149,-53.0074,2,11,0.7,-11.5,2.184,0.4953933,-0.8834566,4,17,14,28,22,250000
"2017-04-17 14:28:23",6856,341741,30.12,12.26,70,29.7231,-149,-53.007,2,11,0.7,-11.8,1.966,0.495385,-0.88345,4,17,14,28,23,0
"2017-04-17 14:28:23.75",6857,341742,33.57,12.27,70,29.7223,-149,-53.0058,2,11,0.7,-12.2,2.191,0.4953717,-0.8834299,4,17,14,28,23,750000
"2017-04-17 14:28:24.5",6858,341743,25.12,12.27,70,29.7221,-149,-53.005,2,11,0.7,-12.8,1.64,0.4953683,-0.8834167,4,17,14,28,24,500000
"2017-04-17 14:28:25.25",6859,341744,7.891,12.25,70,29.7218,-149,-53.0059,2,11,0.7,-12.3,0.52,0.4953633,-0.8834317,4,17,14,28,25,250000
"2017-04-17 14:28:26",6860,341745,12.89,12.26,70,29.7219,-149,-53.0053,2,11,0.7,-12.7,0.84,0.495365,-0.8834217,4,17,14,28,26,0
"2017-04-17 14:28:26.75",6861,341746,15.12,12.25,70,29.7205,-149,-53.0045,2,11,0.7,-11.8,0.99,0.4953417,-0.8834084,4,17,14,28,26,750000
"2017-04-17 14:28:27.5",6862,341747,32.96,12.25,70,29.7198,-149,-53.0035,2,11,0.7,-12.6,2.151,0.49533,-0.8833917,4,17,14,28,27,500000
"2017-04-17 14:28:28.25",6863,341748,25.68,12.25,70,29.7188,-149,-53.0023,2,11,0.7,-12.8,1.676,0.4953133,-0.8833717,4,17,14,28,28,250000
"2017-04-17 14:28:29",6864,341749,21.34,12.26,70,29.7179,-149,-53.0021,2,11,0.7,-12,1.393,0.4952983,-0.8833684,4,17,14,28,29,0
"2017-04-17 14:28:29.75",6865,341750,23.79,12.27,70,29.7181,-149,-53.0005,2,11,0.7,-12.5,1.553,0.4953017,-0.8833417,4,17,14,28,29,750000
"2017-04-17 14:28:30.5",6866,341751,29.34,12.27,70,29.7177,-149,-53.0025,2,11,0.7,-11.6,1.915,0.495295,-0.883375,4,17,14,28,30,500000
"2017-04-17 14:28:31.25",6867,341752,29.68,12.25,70,29.7169,-149,-53.0017,2,11,0.7,-11.9,1.937,0.4952817,-0.8833617,4,17,14,28,31,250000
"2017-04-17 14:28:32",6868,341753,22.23,12.25,70,29.7167,-149,-53.0018,2,11,0.7,-11.9,1.451,0.4952783,-0.8833634,4,17,14,28,32,0
"2017-04-17 14:28:32.75",6869,341754,27.12,12.27,70,29.716,-149,-52.9997,2,11,0.7,-12.2,1.77,0.4952666,-0.8833283,4,17,14,28,32,750000
"2017-04-17 14:28:33.5",6870,341755,15.89,12.27,70,29.7153,-149,-52.9987,2,11,0.7,-12,1.037,0.495255,-0.8833116,4,17,14,28,33,500000
"2017-04-17 14:28:34.25",6871,341756,15.62,12.27,70,29.7148,-149,-52.9972,2,11,0.7,-11.5,1.019,0.4952467,-0.8832866,4,17,14,28,34,250000
"2017-04-17 14:28:35",6872,341757,24.84,12.26,70,29.7148,-149,-52.997,2,11,0.7,-11.6,1.622,0.4952467,-0.8832834,4,17,14,28,35,0
"2017-04-17 14:28:35.5",6873,341758,20.06,12.27,70,29.7145,-149,-52.9965,2,11,0.7,-11.7,1.31,0.4952417,-0.883275,4,17,14,28,35,500000
"2017-04-17 14:28:36.25",6874,341759,22.4,12.26,70,29.7143,-149,-52.9959,2,11,0.7,-12.2,1.462,0.4952383,-0.883265,4,17,14,28,36,250000
"2017-04-17 14:28:37",6875,341760,21.9,12.25,70,29.7137,-149,-52.9951,2,11,0.7,-11.9,1.429,0.4952283,-0.8832516,4,17,14,28,37,0
"2017-04-17 14:28:38",6876,341761,31.84,12.24,70,29.7131,-149,-52.9944,2,11,0.7,-12.3,2.079,0.4952183,-0.88324,4,17,14,28,38,0
"2017-04-17 14:28:38.75",6877,341762,33.07,12.25,70,29.7123,-149,-52.9932,2,11,0.7,-11.7,2.158,0.495205,-0.8832199,4,17,14,28,38,750000
"2017-04-17 14:28:39.5",6878,341763,28.45,12.27,70,29.7118,-149,-52.9924,2,11,0.7,-12.2,1.857,0.4951967,-0.8832066,4,17,14,28,39,500000
"2017-04-17 14:28:40.25",6879,341764,38.9,12.26,70,29.7114,-149,-52.9914,2,11,0.7,-11.8,2.539,0.49519,-0.88319,4,17,14,28,40,250000
"2017-04-17 14:28:41",6880,341765,32.79,12.26,70,29.7109,-149,-52.99,2,11,0.7,-13,2.14,0.4951816,-0.8831666,4,17,14,28,41,0
"2017-04-17 14:28:41.75",6881,341766,30.57,12.25,70,29.7109,-149,-52.9902,2,11,0.7,-12.5,1.995,0.4951816,-0.88317,4,17,14,28,41,750000
"2017-04-17 14:28:42.5",6882,341767,20.28,12.27,70,29.7099,-149,-52.9895,2,11,0.7,-13.1,1.324,0.495165,-0.8831583,4,17,14,28,42,500000
"2017-04-17 14:28:43.25",6883,341768,5.669,12.26,70,29.7098,-149,-52.9894,2,11,0.7,-12.2,0.37,0.4951634,-0.8831566,4,17,14,28,43,250000
"2017-04-17 14:28:44",6884,341769,19.95,12.26,70,29.7092,-149,-52.9881,2,11,0.7,-12.7,1.302,0.4951533,-0.883135,4,17,14,28,44,0
"2017-04-17 14:28:44.75",6885,341770,11.28,12.27,70,29.7081,-149,-52.9874,2,11,0.7,-11.8,0.74,0.495135,-0.8831234,4,17,14,28,44,750000
"2017-04-17 14:28:45.5",6886,341771,6.669,12.27,70,29.7075,-149,-52.9868,2,11,0.7,-12.2,0.44,0.495125,-0.8831134,4,17,14,28,45,500000
"2017-04-17 14:28:46.25",6887,341772,11.34,12.24,70,29.7072,-149,-52.9846,2,11,0.7,-11.5,0.74,0.49512,-0.8830766,4,17,14,28,46,250000
"2017-04-17 14:28:47",6888,341773,21.34,12.24,70,29.7065,-149,-52.9823,2,11,0.7,-12.4,1.393,0.4951083,-0.8830383,4,17,14,28,47,0
"2017-04-17 14:28:47.75",6889,341774,26.12,12.26,70,29.7059,-149,-52.9828,2,11,0.7,-12.1,1.705,0.4950983,-0.8830467,4,17,14,28,47,750000
"2017-04-17 14:28:48.75",6890,341775,24.84,12.25,70,29.7058,-149,-52.9818,2,11,0.7,-12.9,1.622,0.4950966,-0.88303,4,17,14,28,48,750000
"2017-04-17 14:28:49.75",6891,341776,26.29,12.25,70,29.7051,-149,-52.9808,2,11,0.7,-12.2,1.716,0.495085,-0.8830134,4,17,14,28,49,750000
"2017-04-17 14:28:50.5",6892,341777,19.28,12.27,70,29.7045,-149,-52.979,2,11,0.7,-12.7,1.259,0.495075,-0.8829834,4,17,14,28,50,500000
"2017-04-17 14:28:51.5",6893,341778,7.447,12.25,70,29.7037,-149,-52.979,2,11,0.7,-12.2,0.49,0.4950617,-0.8829834,4,17,14,28,51,500000
"2017-04-17 14:28:52.25",6894,341779,1.89,12.25,70,29.7028,-149,-52.9787,2,11,0.7,-12.6,0.12,0.4950467,-0.8829783,4,17,14,28,52,250000
"2017-04-17 14:28:52.75",6895,341780,53.96,12.25,70,29.6908,-149,-52.9635,2,11,0.7,-12.5,3.522,0.4948467,-0.882725,4,17,14,28,52,750000
"2017-04-17 14:28:53.5",6896,341781,29.01,12.25,70,29.6903,-149,-52.9631,2,11,0.7,-12.3,1.894,0.4948383,-0.8827183,4,17,14,28,53,500000
"2017-04-17 14:28:54.25",6897,341782,18.51,12.24,70,29.6898,-149,-52.9632,2,11,0.7,-12,1.208,0.49483,-0.88272,4,17,14,28,54,250000
"2017-04-17 14:28:55",6898,341783,29.95,12.26,70,29.6893,-149,-52.9632,2,11,0.7,-11.3,1.955,0.4948217,-0.88272,4,17,14,28,55,0
"2017-04-17 14:28:55.75",6899,341784,28.01,12.26,70,29.6887,-149,-52.9622,2,11,0.7,-11.6,1.828,0.4948116,-0.8827034,4,17,14,28,55,750000
"2017-04-17 14:28:56.25",6900,341785,29.9,12.26,70,29.6884,-149,-52.9619,2,11,0.7,-11.8,1.952,0.4948067,-0.8826983,4,17,14,28,56,250000
"2017-04-17 14:28:57",6901,341786,29.45,12.27,70,29.6883,-149,-52.9617,2,11,0.7,-11.1,1.923,0.494805,-0.882695,4,17,14,28,57,0
"2017-04-17 14:28:58",6902,341787,21.34,12.26,70,29.6876,-149,-52.9597,2,11,0.7,-11.5,1.393,0.4947933,-0.8826617,4,17,14,28,58,0
"2017-04-17 14:28:58.75",6903,341788,24.01,12.25,70,29.6872,-149,-52.9598,2,11,0.7,-11.1,1.567,0.4947867,-0.8826634,4,17,14,28,58,750000
"2017-04-17 14:28:59.5",6904,341789,23.56,12.26,70,29.6872,-149,-52.9594,2,11,0.7,-10.9,1.538,0.4947867,-0.8826567,4,17,14,28,59,500000
"2017-04-17 14:29:00.25",6905,341790,26.01,12.25,70,29.6865,-149,-52.9579,2,11,0.7,-12.3,1.698,0.494775,-0.8826317,4,17,14,29,0,250000
"2017-04-17 14:29:01",6906,341791,15.67,12.25,70,29.6862,-149,-52.9584,2,11,0.7,-12,1.023,0.49477,-0.88264,4,17,14,29,1,0
"2017-04-17 14:29:01.75",6907,341792,12.89,12.25,70,29.6854,-149,-52.957,2,11,0.7,-12.7,0.84,0.4947567,-0.8826167,4,17,14,29,1,750000
"2017-04-17 14:29:02.5",6908,341793,11.89,12.25,70,29.6851,-149,-52.9576,2,11,0.7,-11.9,0.78,0.4947517,-0.8826266,4,17,14,29,2,500000
"2017-04-17 14:29:03.25",6909,341794,9.17,12.25,70,29.685,-149,-52.9569,2,11,0.7,-12.6,0.60,0.49475,-0.882615,4,17,14,29,3,250000
"2017-04-17 14:29:04",6910,341795,10.11,12.25,70,29.6844,-149,-52.9566,2,11,0.7,-11.7,0.66,0.49474,-0.88261,4,17,14,29,4,0
"2017-04-17 14:29:04.75",6911,341796,11.73,12.25,70,29.6841,-149,-52.9568,2,11,0.7,-12,0.77,0.494735,-0.8826133,4,17,14,29,4,750000
"2017-04-17 14:29:05.25",6912,341797,15.34,12.25,70,29.6836,-149,-52.9563,2,11,0.7,-12.2,1.001,0.4947266,-0.882605,4,17,14,29,5,250000
"2017-04-17 14:29:06.25",6913,341798,16.67,12.25,70,29.6829,-149,-52.9563,2,11,0.7,-11.2,1.088,0.494715,-0.882605,4,17,14,29,6,250000
"2017-04-17 14:29:07",6914,341799,13.84,12.25,70,29.6829,-149,-52.9553,2,11,0.7,-11.3,0.90,0.494715,-0.8825883,4,17,14,29,7.000,0
"2017-04-17 14:29:07.75",6915,341800,14.06,12.27,70,29.6823,-149,-52.9556,2,11,0.7,-11.2,0.92,0.494705,-0.8825934,4,17,14,29,7.000,750000
"2017-04-17 14:29:08.75",6916,341801,12.62,12.25,70,29.682,-149,-52.9557,2,11,0.7,-11.2,0.82,0.4947,-0.882595,4,17,14,29,8,750000
"2017-04-17 14:29:09.5",6917,341802,12,12.26,70,29.6814,-149,-52.9554,2,11,0.7,-10.7,0.78,0.49469,-0.88259,4,17,14,29,9,500000
"2017-04-17 14:29:10.25",6918,341803,20.12,12.27,70,29.6811,-149,-52.9554,2,11,0.7,-11.4,1.313,0.494685,-0.88259,4,17,14,29,10,250000
"2017-04-17 14:29:11",6919,341804,25.9,12.26,70,29.6808,-149,-52.9559,2,11,0.7,-11.2,1.69,0.49468,-0.8825983,4,17,14,29,11,0
"2017-04-17 14:29:11.75",6920,341805,24.01,12.24,70,29.6801,-149,-52.9558,2,11,0.7,-11.5,1.567,0.4946683,-0.8825966,4,17,14,29,11,750000
"2017-04-17 14:29:12.5",6921,341806,18.01,12.26,70,29.6798,-149,-52.9545,2,11,0.7,-11.4,1.175,0.4946633,-0.882575,4,17,14,29,12,500000
"2017-04-17 14:29:13.25",6922,341807,19.67,12.27,70,29.6798,-149,-52.9543,2,11,0.7,-10.8,1.284,0.4946633,-0.8825716,4,17,14,29,13,250000
"2017-04-17 14:29:14",6923,341808,9.23,12.27,70,29.6794,-149,-52.9532,2,11,0.7,-11,0.60,0.4946566,-0.8825534,4,17,14,29,14,0
"2017-04-17 14:29:14.75",6924,341809,37.12,12.25,70,29.6787,-149,-52.9525,2,11,0.7,-11.5,2.423,0.494645,-0.8825417,4,17,14,29,14,750000
"2017-04-17 14:29:15.5",6925,341810,21.06,12.27,70,29.6782,-149,-52.9534,2,11,0.7,-11,1.375,0.4946366,-0.8825566,4,17,14,29,15,500000
"2017-04-17 14:29:16.25",6926,341811,20.84,12.27,70,29.6777,-149,-52.9506,2,11,0.7,-11.4,1.36,0.4946284,-0.88251,4,17,14,29,16,250000
"2017-04-17 14:29:17",6927,341812,21.84,12.25,70,29.6775,-149,-52.951,2,11,0.7,-10.8,1.426,0.494625,-0.8825167,4,17,14,29,17,0
"2017-04-17 14:29:17.75",6928,341813,18.78,12.26,70,29.6774,-149,-52.9511,2,11,0.7,-10.9,1.226,0.4946233,-0.8825183,4,17,14,29,17,750000
"2017-04-17 14:29:18.5",6929,341814,26.12,12.24,70,29.6768,-149,-52.9509,2,11,0.7,-12.2,1.705,0.4946133,-0.882515,4,17,14,29,18,500000
"2017-04-17 14:29:19.25",6930,341815,29.73,12.27,70,29.6765,-149,-52.9506,2,11,0.7,-11.7,1.941,0.4946084,-0.88251,4,17,14,29,19,250000
"2017-04-17 14:29:20",6931,341816,17.56,12.27,70,29.6764,-149,-52.9509,2,11,0.7,-11.7,1.146,0.4946066,-0.882515,4,17,14,29,20,0
"2017-04-17 14:29:20.75",6932,341817,15.95,12.24,70,29.676,-149,-52.951,2,11,0.7,-11.6,1.041,0.4946,-0.8825167,4,17,14,29,20,750000
"2017-04-17 14:29:21.5",6933,341818,14.56,12.25,70,29.6758,-149,-52.9502,2,11,0.7,-11.7,0.95,0.4945967,-0.8825034,4,17,14,29,21,500000
"2017-04-17 14:29:22.5",6934,341819,10.17,12.25,70,29.6753,-149,-52.9495,2,11,0.7,-12.3,0.66,0.4945884,-0.8824917,4,17,14,29,22,500000
"2017-04-17 14:29:23.25",6935,341820,15.45,12.27,70,29.6752,-149,-52.9502,2,11,0.7,-11.9,1.008,0.4945866,-0.8825034,4,17,14,29,23,250000
"2017-04-17 14:29:24",6936,341821,23.84,12.25,70,29.6751,-149,-52.95,2,11,0.7,-11.7,1.556,0.494585,-0.8825,4,17,14,29,24,0
"2017-04-17 14:29:24.75",6937,341822,32.46,12.26,70,29.6746,-149,-52.9479,2,11,0.7,-12.1,2.118,0.4945767,-0.882465,4,17,14,29,24,750000
"2017-04-17 14:29:25.75",6938,341823,28.18,12.26,70,29.6744,-149,-52.9481,2,11,0.7,-11.8,1.839,0.4945733,-0.8824683,4,17,14,29,25,750000
"2017-04-17 14:29:26.5",6939,341824,19.73,12.25,70,29.6736,-149,-52.9465,2,11,0.7,-12.4,1.288,0.49456,-0.8824416,4,17,14,29,26,500000
"2017-04-17 14:29:27.25",6940,341825,25.68,12.27,70,29.6732,-149,-52.9482,2,11,0.7,-11.6,1.676,0.4945534,-0.88247,4,17,14,29,27,250000
"2017-04-17 14:29:28",6941,341826,16.06,12.25,70,29.6729,-149,-52.9479,2,11,0.7,-11.9,1.048,0.4945483,-0.882465,4,17,14,29,28,0
"2017-04-17 14:29:28.75",6942,341827,19.23,12.25,70,29.6723,-149,-52.9468,2,11,0.7,-12.2,1.255,0.4945383,-0.8824466,4,17,14,29,28,750000
"2017-04-17 14:29:29.5",6943,341828,21.06,12.27,70,29.672,-149,-52.9472,2,11,0.7,-11.5,1.375,0.4945334,-0.8824534,4,17,14,29,29,500000
"2017-04-17 14:29:30.25",6944,341829,19.4,12.26,70,29.6719,-149,-52.9456,2,11,0.7,-12,1.266,0.4945317,-0.8824266,4,17,14,29,30,250000
"2017-04-17 14:29:31",6945,341830,25.01,12.25,70,29.6713,-149,-52.9446,2,11,0.7,-11.9,1.632,0.4945217,-0.88241,4,17,14,29,31,0
"2017-04-17 14:29:31.75",6946,341831,22.45,12.25,70,29.6709,-149,-52.9447,2,11,0.7,-12.4,1.466,0.494515,-0.8824117,4,17,14,29,31,750000
"2017-04-17 14:29:32.75",6947,341832,20.28,12.26,70,29.6708,-149,-52.9456,2,11,0.7,-12.7,1.324,0.4945133,-0.8824266,4,17,14,29,32,750000
"2017-04-17 14:29:33.5",6948,341833,23.67,12.26,70,29.6703,-149,-52.946,2,11,0.7,-12.7,1.545,0.494505,-0.8824333,4,17,14,29,33,500000
"2017-04-17 14:29:34.25",6949,341834,15.17,12.24,70,29.6699,-149,-52.9448,2,11,0.7,-12.7,0.99,0.4944984,-0.8824134,4,17,14,29,34,250000
"2017-04-17 14:29:35",6950,341835,17.39,12.24,70,29.6689,-149,-52.9448,2,11,0.7,-11.9,1.135,0.4944816,-0.8824134,4,17,14,29,35,0
"2017-04-17 14:29:35.5",6951,341836,17.01,12.25,70,29.6691,-149,-52.945,2,11,0.7,-11.7,1.11,0.494485,-0.8824166,4,17,14,29,35,500000
"2017-04-17 14:29:36.25",6952,341837,21.51,12.25,70,29.6685,-149,-52.9451,2,11,0.7,-11.3,1.404,0.494475,-0.8824183,4,17,14,29,36,250000
"2017-04-17 14:29:37",6953,341838,25.51,12.25,70,29.6685,-149,-52.9448,2,11,0.7,-12.1,1.665,0.494475,-0.8824134,4,17,14,29,37,0
"2017-04-17 14:29:37.75",6954,341839,27.23,12.25,70,29.6679,-149,-52.9447,2,11,0.7,-11.5,1.777,0.494465,-0.8824117,4,17,14,29,37,750000
"2017-04-17 14:29:38.5",6955,341840,35.46,12.25,70,29.6674,-149,-52.9435,2,11,0.7,-11.6,2.314,0.4944567,-0.8823917,4,17,14,29,38,500000
"2017-04-17 14:29:39.25",6956,341841,31.18,12.25,70,29.667,-149,-52.9424,2,11,0.7,-11.6,2.035,0.49445,-0.8823734,4,17,14,29,39,250000
"2017-04-17 14:29:40",6957,341842,21.12,12.25,70,29.6664,-149,-52.9407,2,11,0.7,-12.4,1.378,0.49444,-0.882345,4,17,14,29,40,0
"2017-04-17 14:29:40.75",6958,341843,21.84,12.24,70,29.6661,-149,-52.9416,2,11,0.7,-12.1,1.426,0.494435,-0.8823601,4,17,14,29,40,750000
"2017-04-17 14:29:41.5",6959,341844,28.12,12.25,70,29.6659,-149,-52.9412,2,11,0.7,-12.5,1.836,0.4944316,-0.8823534,4,17,14,29,41,500000
"2017-04-17 14:29:42.25",6960,341845,29.9,12.27,70,29.6653,-149,-52.9405,2,11,0.7,-12.2,1.952,0.4944217,-0.8823416,4,17,14,29,42,250000
"2017-04-17 14:29:43",6961,341846,32.46,12.25,70,29.6653,-149,-52.9403,2,11,0.7,-12.7,2.118,0.4944217,-0.8823383,4,17,14,29,43,0
"2017-04-17 14:29:43.75",6962,341847,40.68,12.25,70,29.6645,-149,-52.9391,2,11,0.7,-12.7,2.655,0.4944083,-0.8823183,4,17,14,29,43,750000
"2017-04-17 14:29:44.75",6963,341848,42.35,12.24,70,29.6646,-149,-52.9382,2,11,0.7,-13.6,2.764,0.49441,-0.8823034,4,17,14,29,44,750000
"2017-04-17 14:29:45.5",6964,341849,34.01,12.25,70,29.664,-149,-52.937,2,11,0.7,-12.8,2.22,0.4944,-0.8822834,4,17,14,29,45,500000
"2017-04-17 14:29:46.25",6965,341850,28.29,12.26,70,29.6644,-149,-52.9374,2,11,0.7,-13.4,1.846,0.4944067,-0.88229,4,17,14,29,46,250000
"2017-04-17 14:29:47",6966,341851,19.78,12.25,70,29.6643,-149,-52.9375,2,11,0.7,-13,1.291,0.494405,-0.8822917,4,17,14,29,47,0
"2017-04-17 14:29:47.75",6967,341852,27.68,12.25,70,29.6637,-149,-52.9378,2,11,0.7,-12.4,1.807,0.494395,-0.8822967,4,17,14,29,47,750000
"2017-04-17 14:29:48.25",6968,341853,29.07,12.25,70,29.6631,-149,-52.9366,2,11,0.7,-12.9,1.897,0.494385,-0.8822766,4,17,14,29,48,250000
"2017-04-17 14:29:49",6969,341854,24.01,12.24,70,29.6624,-149,-52.9364,2,11,0.7,-12.6,1.567,0.4943733,-0.8822734,4,17,14,29,49,0
"2017-04-17 14:29:49.75",6970,341855,27.68,12.26,70,29.662,-149,-52.936,2,11,0.7,-12.6,1.807,0.4943667,-0.8822667,4,17,14,29,49,750000
"2017-04-17 14:29:50.5",6971,341856,25.45,12.25,70,29.6614,-149,-52.9343,2,11,0.7,-13.1,1.661,0.4943567,-0.8822383,4,17,14,29,50,500000
"2017-04-17 14:29:51.25",6972,341857,27.79,12.26,70,29.661,-149,-52.9348,2,11,0.7,-12.2,1.814,0.49435,-0.8822466,4,17,14,29,51,250000
"2017-04-17 14:29:51.75",6973,341858,25.9,12.27,70,29.6605,-149,-52.9339,2,11,0.7,-13,1.69,0.4943417,-0.8822317,4,17,14,29,51,750000
"2017-04-17 14:29:52.5",6974,341859,30.29,12.25,70,29.66,-149,-52.9332,2,11,0.7,-13.1,1.977,0.4943333,-0.88222,4,17,14,29,52,500000
"2017-04-17 14:29:53.25",6975,341860,35.96,12.25,70,29.6592,-149,-52.9329,2,11,0.7,-13,2.347,0.49432,-0.882215,4,17,14,29,53,250000
"2017-04-17 14:29:54",6976,341861,34.01,12.24,70,29.6586,-149,-52.9323,2,11,0.7,-13,2.22,0.49431,-0.882205,4,17,14,29,54,0
"2017-04-17 14:29:54.75",6977,341862,33.29,12.24,70,29.6584,-149,-52.9321,2,11,0.7,-13.7,2.173,0.4943066,-0.8822016,4,17,14,29,54,750000
"2017-04-17 14:29:55.5",6978,341863,26.01,12.24,70,29.658,-149,-52.9313,2,11,0.7,-14.1,1.698,0.4943,-0.8821884,4,17,14,29,55,500000
"2017-04-17 14:29:56.25",6979,341864,32.51,12.25,70,29.6574,-149,-52.9318,2,11,0.7,-14,2.122,0.49429,-0.8821966,4,17,14,29,56,250000
"2017-04-17 14:29:57",6980,341865,43.4,12.25,70,29.657,-149,-52.9307,2,11,0.7,-14.7,2.833,0.4942833,-0.8821783,4,17,14,29,57,0
"2017-04-17 14:29:57.75",6981,341866,28.4,12.25,70,29.6567,-149,-52.9319,2,11,0.7,-13,1.854,0.4942784,-0.8821983,4,17,14,29,57,750000
"2017-04-17 14:29:58.5",6982,341867,36.68,12.26,70,29.6567,-149,-52.9313,2,11,0.7,-14.1,2.394,0.4942784,-0.8821884,4,17,14,29,58,500000
"2017-04-17 14:29:59.25",6983,341868,50.74,12.24,70,29.6564,-149,-52.9303,2,11,0.7,-14.2,3.312,0.4942733,-0.8821717,4,17,14,29,59,250000
"2017-04-17 14:30:00",6984,341869,35.29,12.25,70,29.6558,-149,-52.9304,2,11,0.7,-15.1,2.303,0.4942633,-0.8821734,4,17,14,30,0,0
"2017-04-17 14:30:00.75",6985,341870,48.46,12.25,70,29.6553,-149,-52.9311,2,11,0.7,-13.8,3.163,0.494255,-0.882185,4,17,14,30,0,750000
"2017-04-17 14:30:01.5",6986,341871,44.18,12.26,70,29.6549,-149,-52.9314,2,11,0.7,-13.9,2.884,0.4942483,-0.88219,4,17,14,30,1,500000
"2017-04-17 14:30:02.25",6987,341872,54.57,12.25,70,29.6549,-149,-52.9311,2,11,0.7,-13.9,3.562,0.4942483,-0.882185,4,17,14,30,2,250000
"2017-04-17 14:30:03",6988,341873,36.51,12.25,70,29.6541,-149,-52.9313,2,11,0.7,-13.2,2.383,0.494235,-0.8821884,4,17,14,30,3,0
"2017-04-17 14:30:03.75",6989,341874,33.12,12.24,70,29.6536,-149,-52.9317,2,11,0.7,-13,2.162,0.4942267,-0.882195,4,17,14,30,3,750000
"2017-04-17 14:30:04.5",6990,341875,32.4,12.25,70,29.6532,-149,-52.9311,2,11,0.7,-12,2.115,0.49422,-0.882185,4,17,14,30,4,500000
"2017-04-17 14:30:05.25",6991,341876,25.34,12.24,70,29.6529,-149,-52.9299,2,11,0.7,-13,1.654,0.494215,-0.882165,4,17,14,30,5,250000
"2017-04-17 14:30:06",6992,341877,26.73,12.24,70,29.6527,-149,-52.9297,2,11,0.7,-11.9,1.745,0.4942117,-0.8821617,4,17,14,30,6,0
"2017-04-17 14:30:06.75",6993,341878,21.51,12.25,70,29.6522,-149,-52.9286,2,11,0.7,-12.5,1.404,0.4942034,-0.8821433,4,17,14,30,6,750000
"2017-04-17 14:30:07.5",6994,341879,29.01,12.25,70,29.6521,-149,-52.928,2,11,0.7,-12.1,1.894,0.4942017,-0.8821334,4,17,14,30,7.000,500000
"2017-04-17 14:30:08.25",6995,341880,41.29,12.25,70,29.6514,-149,-52.9278,2,11,0.7,-11.6,2.695,0.49419,-0.88213,4,17,14,30,8,250000
"2017-04-17 14:30:09",6996,341881,42.79,12.25,70,29.6511,-149,-52.9268,2,11,0.7,-11.6,2.793,0.494185,-0.8821134,4,17,14,30,9,0
"2017-04-17 14:30:09.75",6997,341882,37.62,12.26,70,29.6508,-149,-52.926,2,11,0.7,-12.2,2.456,0.49418,-0.8821,4,17,14,30,9,750000
"2017-04-17 14:30:10.5",6998,341883,28.73,12.24,70,29.65,-149,-52.9257,2,11,0.7,-12.5,1.875,0.4941667,-0.882095,4,17,14,30,10,500000
"2017-04-17 14:30:11.25",6999,341884,38.46,12.24,70,29.6494,-149,-52.9243,2,11,0.7,-13.2,2.51,0.4941567,-0.8820717,4,17,14,30,11,250000
"2017-04-17 14:30:12",7000,341885,41.35,12.26,70,29.6493,-149,-52.9248,2,11,0.7,-12.4,2.699,0.494155,-0.88208,4,17,14,30,12,0
"2017-04-17 14:30:12.75",7001,341886,29.79,12.25,70,29.6486,-149,-52.9237,2,11,0.7,-12.7,1.944,0.4941433,-0.8820617,4,17,14,30,12,750000
"2017-04-17 14:30:13.5",7002,341887,37.79,12.25,70,29.6483,-149,-52.923,2,11,0.7,-13.4,2.467,0.4941383,-0.88205,4,17,14,30,13,500000
"2017-04-17 14:30:14.25",7003,341888,20.56,12.24,70,29.6477,-149,-52.9233,2,11,0.7,-12.8,1.342,0.4941283,-0.882055,4,17,14,30,14,250000
"2017-04-17 14:30:15",7004,341889,24.29,12.25,70,29.6475,-149,-52.9226,2,11,0.7,-13,1.585,0.494125,-0.8820433,4,17,14,30,15,0
"2017-04-17 14:30:15.75",7005,341890,16.23,12.25,70,29.6466,-149,-52.9215,2,11,0.7,-13.8,1.059,0.49411,-0.882025,4,17,14,30,15,750000
"2017-04-17 14:30:16.5",7006,341891,15.51,12.25,70,29.6465,-149,-52.9202,2,11,0.7,-15.3,1.012,0.4941083,-0.8820034,4,17,14,30,16,500000
"2017-04-17 14:30:17",7007,341892,20.17,12.24,70,29.6463,-149,-52.9211,2,11,0.7,-14.7,1.317,0.494105,-0.8820183,4,17,14,30,17,0
"2017-04-17 14:30:17.75",7008,341893,29.12,12.25,70,29.6462,-149,-52.9214,2,11,0.7,-14.9,1.901,0.4941034,-0.8820233,4,17,14,30,17,750000
"2017-04-17 14:30:18.5",7009,341894,23.56,12.25,70,29.6454,-149,-52.9216,2,11,0.7,-14.7,1.538,0.49409,-0.8820266,4,17,14,30,18,500000
"2017-04-17 14:30:19.25",7010,341895,24.23,12.25,70,29.6449,-149,-52.9204,2,11,0.7,-15.1,1.582,0.4940816,-0.8820066,4,17,14,30,19,250000
"2017-04-17 14:30:20",7011,341896,40.4,12.24,70,29.6441,-149,-52.9207,2,11,0.7,-14.6,2.637,0.4940683,-0.8820117,4,17,14,30,20,0
"2017-04-17 14:30:20.75",7012,341897,35.12,12.24,70,29.6437,-149,-52.9214,2,11,0.7,-15.4,2.293,0.4940616,-0.8820233,4,17,14,30,20,750000
"2017-04-17 14:30:21.5",7013,341898,15.17,12.24,70,29.6432,-149,-52.9201,2,11,0.7,-15.2,0.99,0.4940533,-0.8820017,4,17,14,30,21,500000
"2017-04-17 14:30:22.25",7014,341899,16.84,12.25,70,29.6429,-149,-52.9199,2,11,0.7,-14.7,1.099,0.4940483,-0.8819983,4,17,14,30,22,250000
"2017-04-17 14:30:23",7015,341900,19.67,12.25,70,29.6422,-149,-52.9192,2,11,0.7,-15,1.284,0.4940367,-0.8819866,4,17,14,30,23,0
"2017-04-17 14:30:23.75",7016,341901,18.51,12.25,70,29.6422,-149,-52.919,2,11,0.7,-15,1.208,0.4940367,-0.8819834,4,17,14,30,23,750000
"2017-04-17 14:30:24.5",7017,341902,23.06,12.24,70,29.6417,-149,-52.9194,2,11,0.7,-14.4,1.505,0.4940284,-0.88199,4,17,14,30,24,500000
"2017-04-17 14:30:25.25",7018,341903,18.9,12.24,70,29.6411,-149,-52.9192,2,11,0.7,-14.6,1.233,0.4940184,-0.8819866,4,17,14,30,25,250000
"2017-04-17 14:30:26",7019,990001,0,12.24,70,29.6407,-149,-52.9187,2,11,0.7,-14.4,0,0.4940117,-0.8819783,4,17,14,30,26,0
"2017-04-17 14:30:26.75",7020,990002,119.9,12.24,70,29.6407,-149,-52.9187,2,11,0.7,-14.4,7.828,0.4940117,-0.8819783,4,17,14,30,26,750000
"2017-04-17 14:30:27.5",7021,990003,120,12.26,70,29.6407,-149,-52.9187,2,11,0.7,-14.4,7.832,0.4940117,-0.8819783,4,17,14,30,27,500000
"2017-04-17 14:30:28.25",7022,990004,119.8,12.25,70,29.6407,-149,-52.9186,2,11,0.7,-14.4,7.821,0.4940117,-0.8819766,4,17,14,30,28,250000
"2017-04-17 14:30:29",7023,990005,-0.11,12.27,70,29.6407,-149,-52.9186,2,11,0.7,-14.4,-0.01,0.4940117,-0.8819766,4,17,14,30,29,0
"2017-04-17 14:30:29.75",7024,990006,-0.11,12.23,70,29.6407,-149,-52.9186,2,11,0.7,-14.4,-0.01,0.4940117,-0.8819766,4,17,14,30,29,750000
