"TOA5","29036","CR800","29036","CR800.Std.27","CPU:Geophys1_GPSProbe.CR8","43006","OperatorView"
"TIMESTAMP","RECORD","Counter","DepthCm","BattVolts","latitude_a","latitude_b","Longitude_a","Longitude_b","fix_quality","nmbr_satellites","HDOP","altitudeB","DepthVolts","LatitudeDDDDD","LongitudeDDDDD","month","dayofmonth","hourofday","minutes","seconds","microseconds"
"TS","RN","","","","degrees","minutes","degrees","minutes","unitless","","","","","","","","","","","",""
"","","Smp","Smp","Smp","Smp","Smp","Smp","Smp","Smp","Smp","Smp","Smp","Smp","Smp","Smp","Smp","Smp","Smp","Smp","Smp","Smp"
"2017-11-14 15:15:18.75",7025,100001,34.74,13.64,65,2.4709,-147,-25.0207,1,10,0.9,726.1,2.267,0.04118167,-0.4170117,11,14,15,15,18,750000
"2017-11-14 15:16:08",7026,100002,34.68,13.61,65,2.4709,-147,-25.0207,1,10,0.9,726.8,2.264,0.04118167,-0.4170117,11,14,15,16,8,0
"2017-11-14 15:16:08.25",7027,110001,35.79,13.64,65,2.4702,-147,-25.0186,2,10,0.8,730.1,2.336,0.04117,-0.4169767,11,14,15,16,8,250000
"2017-11-14 15:16:09",7028,110002,35.74,13.63,65,2.4696,-147,-25.0183,2,11,0.8,731.5,2.333,0.04116,-0.4169716,11,14,15,16,9,0
"2017-11-14 15:16:09.5",7029,110003,35.74,13.63,65,2.4699,-147,-25.0188,2,11,0.8,731.6,2.333,0.041165,-0.41698,11,14,15,16,9,500000
"2017-11-14 15:16:10.5",7030,110004,85.5,13.55,65,2.4185,-147,-25.0817,2,11,0.8,722.9,5.584,0.04030833,-0.4180283,11,14,15,16,10,500000
"2017-11-14 15:16:11",7031,110005,116.8,13.54,65,2.4174,-147,-25.0793,2,10,0.9,723.3,7.624,0.04029,-0.4179883,11,14,15,16,11,0
"2017-11-14 15:16:11.75",7032,110006,119.9,13.53,65,2.4175,-147,-25.0793,2,11,0.8,723.2,7.827,0.04029167,-0.4179883,11,14,15,16,11,750000
"2017-11-14 15:16:12.25",7033,110007,84.5,13.52,65,2.4177,-147,-25.0788,2,11,0.8,723.1,5.515,0.040295,-0.41798,11,14,15,16,12,250000
"2017-11-14 15:16:12.75",7034,110008,-0.11,13.51,65,2.4177,-147,-25.0788,2,11,0.8,723,-0.01,0.040295,-0.41798,11,14,15,16,12,750000
"2017-11-14 15:16:13.5",7035,110009,-0.06,13.51,65,2.4177,-147,-25.0788,2,11,0.8,723,-0.00,0.040295,-0.41798,11,14,15,16,13,500000
"2017-11-14 15:16:14.25",7036,110010,119.8,13.5,65,2.4177,-147,-25.0789,2,11,0.8,723,7.82,0.040295,-0.4179816,11,14,15,16,14,250000
"2017-11-14 15:16:15.5",7037,110011,119.6,13.5,65,2.4177,-147,-25.0788,2,11,0.8,723,7.806,0.040295,-0.41798,11,14,15,16,15,500000
"2017-11-14 15:16:16.25",7038,110012,84.4,13.49,65,2.4182,-147,-25.0796,2,11,0.8,723.3,5.509,0.04030334,-0.4179933,11,14,15,16,16,250000
"2017-11-14 15:16:16.75",7039,110013,85.4,13.49,65,2.4191,-147,-25.08,2,11,0.8,723.8,5.574,0.04031833,-0.418,11,14,15,16,16,750000
"2017-11-14 15:16:17.5",7040,110014,94.8,13.48,65,2.4197,-147,-25.0798,2,11,0.8,723.7,6.187,0.04032833,-0.4179967,11,14,15,16,17,500000
"2017-11-14 15:16:18.5",7041,110015,90.2,13.48,65,2.4205,-147,-25.0795,2,11,0.8,723.3,5.886,0.04034167,-0.4179917,11,14,15,16,18,500000
"2017-11-14 15:16:19.5",7042,110016,102.8,13.47,65,2.4207,-147,-25.0781,2,11,0.8,721.6,6.709,0.040345,-0.4179683,11,14,15,16,19,500000
"2017-11-14 15:16:20.25",7043,110017,91.2,13.47,65,2.421,-147,-25.0782,2,11,0.8,722,5.955,0.04035,-0.41797,11,14,15,16,20,250000
"2017-11-14 15:16:20.75",7044,110018,90.6,13.49,65,2.4212,-147,-25.0788,2,11,0.8,722.1,5.915,0.04035334,-0.41798,11,14,15,16,20,750000
"2017-11-14 15:16:21.5",7045,110019,104.3,13.49,65,2.422,-147,-25.0787,2,11,0.8,722.3,6.806,0.04036666,-0.4179783,11,14,15,16,21,500000
"2017-11-14 15:16:22",7046,110020,98.6,13.47,65,2.4227,-147,-25.0781,2,11,0.8,722,6.437,0.04037833,-0.4179683,11,14,15,16,22,0
"2017-11-14 15:16:22.75",7047,110021,104.2,13.48,65,2.4232,-147,-25.0782,2,11,0.8,721.5,6.803,0.04038666,-0.41797,11,14,15,16,22,750000
"2017-11-14 15:16:23.5",7048,110022,94.2,13.48,65,2.4238,-147,-25.0788,2,11,0.8,722,6.147,0.04039667,-0.41798,11,14,15,16,23,500000
"2017-11-14 15:16:24",7049,110023,97.6,13.49,65,2.4248,-147,-25.0774,2,11,0.8,721.6,6.372,0.04041333,-0.4179567,11,14,15,16,24,0
"2017-11-14 15:16:24.5",7050,110024,85.9,13.47,65,2.425,-147,-25.0798,2,11,0.8,721.6,5.607,0.04041666,-0.4179967,11,14,15,16,24,500000
"2017-11-14 15:16:25.25",7051,110025,87.7,13.47,65,2.4251,-147,-25.0781,2,11,0.8,720.9,5.723,0.04041834,-0.4179683,11,14,15,16,25,250000
"2017-11-14 15:16:26",7052,110026,102.9,13.47,65,2.4259,-147,-25.0773,2,11,0.8,721.2,6.716,0.04043167,-0.417955,11,14,15,16,26,0
"2017-11-14 15:16:26.75",7053,110027,84.1,13.47,65,2.4262,-147,-25.0773,2,11,0.8,721.9,5.491,0.04043667,-0.417955,11,14,15,16,26,750000
"2017-11-14 15:16:27.5",7054,110028,87.2,13.46,65,2.4272,-147,-25.0785,2,11,0.8,721.1,5.694,0.04045333,-0.417975,11,14,15,16,27,500000
"2017-11-14 15:16:28",7055,110029,98.9,13.47,65,2.4273,-147,-25.0783,2,11,0.8,720.6,6.459,0.040455,-0.4179717,11,14,15,16,28,0
"2017-11-14 15:16:28.75",7056,110030,85.9,13.47,65,2.4284,-147,-25.0789,2,11,0.8,719.9,5.607,0.04047334,-0.4179816,11,14,15,16,28,750000
"2017-11-14 15:16:29.5",7057,110031,90.7,13.46,65,2.4286,-147,-25.0798,2,11,0.8,719.5,5.919,0.04047667,-0.4179967,11,14,15,16,29,500000
"2017-11-14 15:16:30.25",7058,110032,96.6,13.46,65,2.4291,-147,-25.0797,2,11,0.8,720.3,6.303,0.040485,-0.417995,11,14,15,16,30,250000
"2017-11-14 15:16:31",7059,110033,99.2,13.46,65,2.4301,-147,-25.077,2,11,0.8,720.5,6.477,0.04050166,-0.41795,11,14,15,16,31,0
"2017-11-14 15:16:31.5",7060,110034,89.4,13.45,65,2.4306,-147,-25.0787,2,11,0.8,720.1,5.835,0.04051,-0.4179783,11,14,15,16,31,500000
"2017-11-14 15:16:32",7061,110035,97.4,13.45,65,2.4317,-147,-25.0785,2,11,0.8,720.7,6.357,0.04052834,-0.417975,11,14,15,16,32,0
"2017-11-14 15:16:32.75",7062,110036,91.3,13.45,65,2.4331,-147,-25.0783,2,11,0.8,719.5,5.959,0.04055167,-0.4179717,11,14,15,16,32,750000
"2017-11-14 15:16:33.25",7063,110037,83.3,13.45,65,2.4332,-147,-25.0784,2,11,0.8,719.9,5.44,0.04055333,-0.4179733,11,14,15,16,33,250000
"2017-11-14 15:16:34",7064,110038,71.18,13.46,65,2.4342,-147,-25.079,2,11,0.8,720.4,4.647,0.04057,-0.4179834,11,14,15,16,34,0
"2017-11-14 15:16:34.75",7065,110039,98.1,13.45,65,2.4348,-147,-25.0777,2,11,0.8,719.8,6.404,0.04058,-0.4179616,11,14,15,16,34,750000
"2017-11-14 15:16:35.5",7066,110040,81.7,13.45,65,2.4361,-147,-25.0787,2,11,0.8,720.2,5.335,0.04060167,-0.4179783,11,14,15,16,35,500000
"2017-11-14 15:16:36.25",7067,110041,66.63,13.45,65,2.436,-147,-25.0797,2,11,0.8,720.1,4.349,0.0406,-0.417995,11,14,15,16,36,250000
"2017-11-14 15:16:36.75",7068,110042,109.4,13.45,65,2.4367,-147,-25.0791,2,11,0.8,718.6,7.14,0.04061167,-0.417985,11,14,15,16,36,750000
"2017-11-14 15:16:37.5",7069,110043,89,13.45,65,2.4371,-147,-25.0779,2,11,0.8,719.4,5.81,0.04061833,-0.417965,11,14,15,16,37,500000
"2017-11-14 15:16:38.25",7070,110044,84.8,13.45,65,2.4385,-147,-25.0788,2,10,0.8,719.1,5.538,0.04064166,-0.41798,11,14,15,16,38,250000
"2017-11-14 15:16:39",7071,110045,97,13.44,65,2.4393,-147,-25.0775,2,11,0.8,718.9,6.332,0.040655,-0.4179583,11,14,15,16,39,0
"2017-11-14 15:16:39.5",7072,110046,105.1,13.44,65,2.4399,-147,-25.0778,2,11,0.8,719.5,6.858,0.040665,-0.4179634,11,14,15,16,39,500000
"2017-11-14 15:16:40.25",7073,110047,104.5,13.45,65,2.4401,-147,-25.0761,2,11,0.8,718.7,6.818,0.04066833,-0.417935,11,14,15,16,40,250000
"2017-11-14 15:16:41",7074,110048,90.7,13.45,65,2.4413,-147,-25.0767,2,11,0.8,719.3,5.923,0.04068833,-0.417945,11,14,15,16,41,0
"2017-11-14 15:16:41.75",7075,110049,87.1,13.45,65,2.442,-147,-25.076,2,11,0.8,718.9,5.687,0.0407,-0.4179334,11,14,15,16,41,750000
"2017-11-14 15:16:42.5",7076,110050,86.1,13.45,65,2.4424,-147,-25.0768,2,11,0.8,719.1,5.622,0.04070667,-0.4179467,11,14,15,16,42,500000
"2017-11-14 15:16:43.25",7077,110051,103.8,13.43,65,2.4438,-147,-25.0775,2,11,0.8,719.8,6.778,0.04073,-0.4179583,11,14,15,16,43,250000
"2017-11-14 15:16:44",7078,110052,78.30,13.44,65,2.445,-147,-25.0751,2,11,0.8,714.8,5.111,0.04075,-0.4179183,11,14,15,16,44,0
"2017-11-14 15:16:44.5",7079,110053,80.2,13.44,65,2.4448,-147,-25.075,2,11,0.8,715,5.234,0.04074667,-0.4179167,11,14,15,16,44,500000
"2017-11-14 15:16:45.25",7080,110054,83.6,13.45,65,2.4457,-147,-25.0762,2,11,0.8,715.5,5.459,0.04076166,-0.4179367,11,14,15,16,45,250000
"2017-11-14 15:16:45.75",7081,110055,88.6,13.44,65,2.4464,-147,-25.0757,2,11,0.8,716.1,5.782,0.04077333,-0.4179283,11,14,15,16,45,750000
"2017-11-14 15:16:46.25",7082,110056,84.1,13.41,65,2.4476,-147,-25.075,2,11,0.8,717.8,5.492,0.04079333,-0.4179167,11,14,15,16,46,250000
"2017-11-14 15:16:46.75",7083,110057,84.8,13.42,65,2.4497,-147,-25.0756,2,11,0.8,718.7,5.535,0.04082834,-0.4179267,11,14,15,16,46,750000
"2017-11-14 15:16:47.25",7084,110058,82.1,13.41,65,2.4504,-147,-25.0764,2,12,0.7,719.6,5.361,0.04084,-0.41794,11,14,15,16,47,250000
"2017-11-14 15:16:48",7085,110059,77.64,13.42,65,2.4511,-147,-25.0755,2,11,0.8,720.2,5.068,0.04085167,-0.417925,11,14,15,16,48,0
"2017-11-14 15:16:48.75",7086,110060,92.5,13.42,65,2.4523,-147,-25.0733,2,11,0.8,720.6,6.036,0.04087167,-0.4178883,11,14,15,16,48,750000
"2017-11-14 15:16:49.5",7087,110061,74.36,13.42,65,2.4529,-147,-25.0737,2,11,0.9,719.7,4.854,0.04088167,-0.417895,11,14,15,16,49,500000
"2017-11-14 15:16:50.25",7088,110062,95.6,13.39,65,2.4533,-147,-25.0746,2,11,0.8,719.4,6.239,0.04088833,-0.41791,11,14,15,16,50,250000
"2017-11-14 15:16:51",7089,110063,87.6,13.4,65,2.454,-147,-25.0738,2,11,0.8,718.6,5.717,0.0409,-0.4178966,11,14,15,16,51,0
"2017-11-14 15:16:51.75",7090,110064,88.7,13.39,65,2.4546,-147,-25.073,2,11,0.9,717.8,5.793,0.04091,-0.4178833,11,14,15,16,51,750000
"2017-11-14 15:16:52.5",7091,110065,82.7,13.41,65,2.455,-147,-25.0746,2,11,0.8,718,5.401,0.04091667,-0.41791,11,14,15,16,52,500000
"2017-11-14 15:16:53.25",7092,110066,83.3,13.41,65,2.4557,-147,-25.0755,2,11,0.9,718.7,5.437,0.04092833,-0.417925,11,14,15,16,53,250000
"2017-11-14 15:16:54",7093,110067,88.3,13.4,65,2.4563,-147,-25.0759,2,11,0.9,717.8,5.764,0.04093833,-0.4179316,11,14,15,16,54,0
"2017-11-14 15:16:54.5",7094,110068,84.6,13.41,65,2.4573,-147,-25.0764,2,11,0.8,717.9,5.521,0.040955,-0.41794,11,14,15,16,54,500000
"2017-11-14 15:16:55.25",7095,110069,82.5,13.39,65,2.4582,-147,-25.0733,2,11,0.9,718.7,5.383,0.04097,-0.4178883,11,14,15,16,55,250000
"2017-11-14 15:16:56",7096,110070,77.75,13.39,65,2.4586,-147,-25.0735,2,11,0.8,717.2,5.075,0.04097666,-0.4178916,11,14,15,16,56,0
"2017-11-14 15:16:56.75",7097,110071,73.53,13.39,65,2.4593,-147,-25.0718,2,11,0.9,718.5,4.8,0.04098833,-0.4178633,11,14,15,16,56,750000
"2017-11-14 15:16:57.5",7098,110072,82.8,13.4,65,2.4599,-147,-25.0727,2,11,0.9,718.8,5.405,0.04099833,-0.4178783,11,14,15,16,57,500000
"2017-11-14 15:16:58.25",7099,110073,88.6,13.38,65,2.4605,-147,-25.073,2,11,0.9,718.4,5.782,0.04100834,-0.4178833,11,14,15,16,58,250000
"2017-11-14 15:16:59",7100,110074,79.42,13.39,65,2.4612,-147,-25.0726,2,11,0.9,716.4,5.184,0.04102,-0.4178767,11,14,15,16,59,0
"2017-11-14 15:16:59.75",7101,110075,79.92,13.39,65,2.4615,-147,-25.0733,2,11,0.8,715.6,5.216,0.041025,-0.4178883,11,14,15,16,59,750000
"2017-11-14 15:17:00.25",7102,110076,75.58,13.39,65,2.4619,-147,-25.0736,2,11,0.9,715.2,4.934,0.04103167,-0.4178934,11,14,15,17,0,250000
"2017-11-14 15:17:01",7103,110077,74.14,13.38,65,2.4636,-147,-25.0745,2,11,0.9,714.4,4.839,0.04106,-0.4179083,11,14,15,17,1,0
"2017-11-14 15:17:01.75",7104,110078,64.59,13.38,65,2.4637,-147,-25.0746,2,11,0.8,714.5,4.216,0.04106166,-0.41791,11,14,15,17,1,750000
"2017-11-14 15:17:02.5",7105,110079,85.4,13.39,65,2.465,-147,-25.0755,2,11,0.9,715,5.575,0.04108333,-0.417925,11,14,15,17,2,500000
"2017-11-14 15:17:03.25",7106,110080,82.5,13.37,65,2.4661,-147,-25.0762,2,11,0.8,714.2,5.387,0.04110167,-0.4179367,11,14,15,17,3,250000
"2017-11-14 15:17:04",7107,110081,78.42,13.37,65,2.4667,-147,-25.0779,2,11,0.8,713.6,5.119,0.04111167,-0.417965,11,14,15,17,4,0
"2017-11-14 15:17:04.5",7108,110082,75.7,13.38,65,2.4679,-147,-25.079,2,11,0.8,713.5,4.941,0.04113167,-0.4179834,11,14,15,17,4,500000
"2017-11-14 15:17:05.25",7109,110083,82.7,13.38,65,2.4683,-147,-25.0788,2,11,0.8,713.6,5.398,0.04113834,-0.41798,11,14,15,17,5,250000
"2017-11-14 15:17:06",7110,110084,74.97,13.38,65,2.4697,-147,-25.0796,2,11,0.9,713.6,4.894,0.04116167,-0.4179933,11,14,15,17,6,0
"2017-11-14 15:17:06.75",7111,110085,80.1,13.37,65,2.4701,-147,-25.0783,2,11,0.9,714.1,5.231,0.04116833,-0.4179717,11,14,15,17,6,750000
"2017-11-14 15:17:07.25",7112,110086,80.8,13.36,65,2.4703,-147,-25.078,2,11,0.8,713.8,5.274,0.04117167,-0.4179667,11,14,15,17,7.000,250000
"2017-11-14 15:17:08",7113,110087,77.47,13.38,65,2.4708,-147,-25.0788,2,11,0.8,715.1,5.057,0.04118,-0.41798,11,14,15,17,8,0
"2017-11-14 15:17:08.75",7114,110088,70.2,13.36,65,2.4712,-147,-25.0786,2,11,0.9,714.9,4.582,0.04118667,-0.4179767,11,14,15,17,8,750000
"2017-11-14 15:17:09.5",7115,110089,83.8,13.36,65,2.4721,-147,-25.0789,2,11,0.9,714.8,5.47,0.04120166,-0.4179816,11,14,15,17,9,500000
"2017-11-14 15:17:10.25",7116,110090,78.47,13.35,65,2.4735,-147,-25.0789,2,11,0.8,715.1,5.122,0.041225,-0.4179816,11,14,15,17,10,250000
"2017-11-14 15:17:11",7117,110091,72.31,13.36,65,2.4744,-147,-25.0797,2,11,0.9,714.7,4.72,0.04124,-0.417995,11,14,15,17,11,0
"2017-11-14 15:17:11.75",7118,110092,77.75,13.35,65,2.475,-147,-25.0797,2,11,0.8,714.1,5.075,0.04125,-0.417995,11,14,15,17,11,750000
"2017-11-14 15:17:12.5",7119,110093,87.2,13.34,65,2.4762,-147,-25.0794,2,11,0.8,714.5,5.691,0.04127,-0.41799,11,14,15,17,12,500000
"2017-11-14 15:17:13.25",7120,110094,82.7,13.35,65,2.4761,-147,-25.0794,2,11,0.9,714.2,5.401,0.04126833,-0.41799,11,14,15,17,13,250000
"2017-11-14 15:17:14.25",7121,110095,82.3,13.34,65,2.4762,-147,-25.0796,2,11,0.8,713.8,5.372,0.04127,-0.4179933,11,14,15,17,14,250000
"2017-11-14 15:17:15",7122,110096,86.5,13.33,65,2.4767,-147,-25.0809,2,11,0.8,713.6,5.644,0.04127834,-0.418015,11,14,15,17,15,0
"2017-11-14 15:17:15.75",7123,110097,78.36,13.35,65,2.4779,-147,-25.082,2,11,0.9,712.7,5.115,0.04129833,-0.4180333,11,14,15,17,15,750000
"2017-11-14 15:17:16.5",7124,110098,90.5,13.33,65,2.4787,-147,-25.0852,2,11,0.8,712.3,5.909,0.04131167,-0.4180866,11,14,15,17,16,500000
"2017-11-14 15:17:17.25",7125,110099,76.2,13.35,65,2.48,-147,-25.0849,2,11,0.9,711.4,4.974,0.04133333,-0.4180817,11,14,15,17,17,250000
"2017-11-14 15:17:18",7126,110100,97.8,13.34,65,2.4806,-147,-25.0864,2,11,0.8,711,6.384,0.04134334,-0.4181066,11,14,15,17,18,0
"2017-11-14 15:17:18.75",7127,110101,84.2,13.35,65,2.4812,-147,-25.0867,2,11,0.8,711.3,5.496,0.04135333,-0.4181117,11,14,15,17,18,750000
"2017-11-14 15:17:19.5",7128,110102,82.5,13.35,65,2.4818,-147,-25.0862,2,11,0.9,712,5.387,0.04136334,-0.4181033,11,14,15,17,19,500000
"2017-11-14 15:17:20.25",7129,110103,69.64,13.35,65,2.4825,-147,-25.0862,2,11,0.8,711.7,4.546,0.041375,-0.4181033,11,14,15,17,20,250000
"2017-11-14 15:17:21",7130,110104,77.53,13.33,65,2.4831,-147,-25.0859,2,11,0.9,712.7,5.061,0.041385,-0.4180983,11,14,15,17,21,0
"2017-11-14 15:17:21.75",7131,110105,78.92,13.33,65,2.484,-147,-25.0866,2,11,0.9,711.8,5.151,0.0414,-0.41811,11,14,15,17,21,750000
"2017-11-14 15:17:22.25",7132,110106,70.98,13.34,65,2.4842,-147,-25.0847,2,11,0.8,712.1,4.633,0.04140334,-0.4180783,11,14,15,17,22,250000
"2017-11-14 15:17:23",7133,110107,82.9,13.34,65,2.4857,-147,-25.0865,2,11,0.8,711.3,5.409,0.04142833,-0.4181084,11,14,15,17,23,0
"2017-11-14 15:17:23.75",7134,110108,82,13.34,65,2.4864,-147,-25.0881,2,11,0.9,711.1,5.351,0.04144,-0.418135,11,14,15,17,23,750000
"2017-11-14 15:17:24.5",7135,110109,77.86,13.32,65,2.4869,-147,-25.0879,2,11,0.9,710.5,5.082,0.04144834,-0.4181317,11,14,15,17,24,500000
"2017-11-14 15:17:25.25",7136,110110,92.3,13.33,65,2.4874,-147,-25.0872,2,11,0.8,710.1,6.025,0.04145666,-0.41812,11,14,15,17,25,250000
"2017-11-14 15:17:26",7137,110111,76.53,13.32,65,2.4881,-147,-25.0896,2,11,0.8,710.1,4.995,0.04146833,-0.41816,11,14,15,17,26,0
"2017-11-14 15:17:26.75",7138,110112,80.5,13.32,65,2.4891,-147,-25.0921,2,11,0.8,710,5.256,0.041485,-0.4182016,11,14,15,17,26,750000
"2017-11-14 15:17:27.5",7139,110113,88.2,13.33,65,2.4899,-147,-25.0919,2,11,0.8,711.2,5.76,0.04149834,-0.4181983,11,14,15,17,27,500000
"2017-11-14 15:17:28.25",7140,110114,78.64,13.32,65,2.4901,-147,-25.0897,2,11,0.8,712.6,5.133,0.04150166,-0.4181617,11,14,15,17,28,250000
"2017-11-14 15:17:29",7141,110115,83.7,13.32,65,2.4915,-147,-25.0909,2,11,0.9,712,5.463,0.041525,-0.4181817,11,14,15,17,29,0
"2017-11-14 15:17:29.75",7142,110116,76.53,13.31,65,2.4919,-147,-25.0911,2,11,0.9,711.8,4.995,0.04153167,-0.418185,11,14,15,17,29,750000
"2017-11-14 15:17:30.5",7143,110117,86.5,13.32,65,2.4925,-147,-25.0916,2,11,0.9,711,5.648,0.04154167,-0.4181934,11,14,15,17,30,500000
"2017-11-14 15:17:31.25",7144,110118,84.4,13.32,65,2.493,-147,-25.0925,2,11,0.8,710.3,5.507,0.04155,-0.4182083,11,14,15,17,31,250000
"2017-11-14 15:17:32",7145,110119,86.2,13.32,65,2.4931,-147,-25.0925,2,11,0.8,709.9,5.626,0.04155166,-0.4182083,11,14,15,17,32,0
"2017-11-14 15:17:32.75",7146,110120,77.75,13.31,65,2.4936,-147,-25.0922,2,11,0.8,710.8,5.075,0.04156,-0.4182033,11,14,15,17,32,750000
"2017-11-14 15:17:33.5",7147,110121,85.5,13.31,65,2.4947,-147,-25.0934,2,11,0.8,711,5.579,0.04157833,-0.4182233,11,14,15,17,33,500000
"2017-11-14 15:17:34.25",7148,110122,70.03,13.31,65,2.4958,-147,-25.0923,2,11,0.8,711.9,4.571,0.04159666,-0.418205,11,14,15,17,34,250000
"2017-11-14 15:17:35",7149,110123,70.42,13.31,65,2.4969,-147,-25.0932,2,11,0.8,713,4.597,0.041615,-0.41822,11,14,15,17,35,0
"2017-11-14 15:17:35.75",7150,110124,88.1,13.32,65,2.4975,-147,-25.0959,2,10,0.8,712.4,5.753,0.041625,-0.418265,11,14,15,17,35,750000
"2017-11-14 15:17:36.25",7151,110125,45.43,13.32,65,2.4983,-147,-25.0942,2,10,0.8,710.9,2.965,0.04163833,-0.4182367,11,14,15,17,36,250000
"2017-11-14 15:17:37",7152,110126,68.53,13.32,65,2.499,-147,-25.0941,2,11,0.8,710.4,4.473,0.04165,-0.418235,11,14,15,17,37,0
"2017-11-14 15:17:37.75",7153,110127,92.2,13.3,65,2.499,-147,-25.0936,2,10,0.8,711.4,6.021,0.04165,-0.4182266,11,14,15,17,37,750000
"2017-11-14 15:17:38.5",7154,110128,86.2,13.29,65,2.4995,-147,-25.0946,2,11,0.8,710.2,5.63,0.04165834,-0.4182434,11,14,15,17,38,500000
"2017-11-14 15:17:39.25",7155,110129,86.2,13.31,65,2.4995,-147,-25.0946,2,10,0.8,710.1,5.626,0.04165834,-0.4182434,11,14,15,17,39,250000
"2017-11-14 15:17:40",7156,110130,79.59,13.3,65,2.4995,-147,-25.0946,2,10,0.9,709.7,5.195,0.04165834,-0.4182434,11,14,15,17,40,0
"2017-11-14 15:17:40.75",7157,110131,80.6,13.29,65,2.4996,-147,-25.0945,2,11,0.9,709.7,5.264,0.04166,-0.4182416,11,14,15,17,40,750000
"2017-11-14 15:17:41.5",7158,110132,77.42,13.28,65,2.5004,-147,-25.0944,2,11,0.9,709.8,5.053,0.04167334,-0.41824,11,14,15,17,41,500000
"2017-11-14 15:17:42.25",7159,110133,78.75,13.3,65,2.5015,-147,-25.0945,2,11,0.9,710.5,5.14,0.04169166,-0.4182416,11,14,15,17,42,250000
"2017-11-14 15:17:42.75",7160,110134,86.4,13.29,65,2.5037,-147,-25.0969,2,11,0.9,710.7,5.641,0.04172833,-0.4182817,11,14,15,17,42,750000
"2017-11-14 15:17:43.5",7161,110135,79.09,13.3,65,2.5037,-147,-25.0969,2,11,0.9,709.9,5.162,0.04172833,-0.4182817,11,14,15,17,43,500000
"2017-11-14 15:17:44",7162,110136,99.4,13.27,65,2.5044,-147,-25.0955,2,11,0.9,711.4,6.489,0.04174,-0.4182583,11,14,15,17,44,0
"2017-11-14 15:17:44.75",7163,110137,97.5,13.3,65,2.5047,-147,-25.0956,2,11,0.9,711.6,6.366,0.041745,-0.41826,11,14,15,17,44,750000
"2017-11-14 15:17:45.5",7164,110138,87.9,13.28,65,2.5045,-147,-25.0965,2,10,0.8,710.8,5.735,0.04174166,-0.418275,11,14,15,17,45,500000
"2017-11-14 15:17:46.25",7165,110139,80.6,13.28,65,2.5055,-147,-25.0971,2,11,0.8,711.5,5.26,0.04175834,-0.418285,11,14,15,17,46,250000
"2017-11-14 15:17:47",7166,110140,78.53,13.29,65,2.5071,-147,-25.0961,2,10,0.8,711.4,5.126,0.041785,-0.4182683,11,14,15,17,47,0
"2017-11-14 15:17:47.75",7167,110141,89.2,13.27,65,2.5076,-147,-25.0956,2,11,0.8,711.1,5.822,0.04179334,-0.41826,11,14,15,17,47,750000
"2017-11-14 15:17:48.5",7168,110142,80.5,13.28,65,2.508,-147,-25.096,2,11,0.8,711.6,5.253,0.0418,-0.4182667,11,14,15,17,48,500000
"2017-11-14 15:17:49.25",7169,110143,71.42,13.28,65,2.5085,-147,-25.093,2,11,0.8,710.9,4.662,0.04180833,-0.4182167,11,14,15,17,49,250000
"2017-11-14 15:17:50",7170,110144,82.8,13.27,65,2.5089,-147,-25.0915,2,11,0.8,711.5,5.405,0.041815,-0.4181916,11,14,15,17,50,0
"2017-11-14 15:17:50.5",7171,110145,78.7,13.28,65,2.509,-147,-25.0887,2,10,0.8,711.9,5.137,0.04181667,-0.418145,11,14,15,17,50,500000
"2017-11-14 15:17:51.25",7172,110146,76.7,13.27,65,2.5091,-147,-25.089,2,9,0.9,712.4,5.006,0.04181833,-0.41815,11,14,15,17,51,250000
"2017-11-14 15:17:52",7173,110147,101,13.28,65,2.5094,-147,-25.0881,2,10,0.8,712.3,6.594,0.04182333,-0.418135,11,14,15,17,52,0
"2017-11-14 15:17:52.75",7174,110148,79.53,13.26,65,2.5101,-147,-25.0869,2,11,0.8,713.9,5.191,0.041835,-0.418115,11,14,15,17,52,750000
"2017-11-14 15:17:53.25",7175,110149,75.03,13.26,65,2.5098,-147,-25.0837,2,11,0.8,714.1,4.898,0.04183,-0.4180617,11,14,15,17,53,250000
"2017-11-14 15:17:54",7176,110150,78.75,13.27,65,2.5096,-147,-25.0806,2,10,0.8,713.4,5.141,0.04182666,-0.41801,11,14,15,17,54,0
"2017-11-14 15:17:54.75",7177,110151,85.6,13.26,65,2.5094,-147,-25.0804,2,11,0.8,714.5,5.59,0.04182333,-0.4180067,11,14,15,17,54,750000
"2017-11-14 15:17:55.5",7178,110152,79.92,13.26,65,2.5085,-147,-25.0791,2,9,0.9,714.9,5.217,0.04180833,-0.417985,11,14,15,17,55,500000
"2017-11-14 15:17:56.25",7179,110153,81.5,13.28,65,2.5084,-147,-25.0798,2,11,0.8,715.5,5.318,0.04180666,-0.4179967,11,14,15,17,56,250000
"2017-11-14 15:17:56.75",7180,110154,82.4,13.26,65,2.5079,-147,-25.0803,2,11,0.8,717.8,5.376,0.04179834,-0.418005,11,14,15,17,56,750000
"2017-11-14 15:17:57.5",7181,110155,75.59,13.26,65,2.5069,-147,-25.0792,2,10,0.8,717.4,4.934,0.04178167,-0.4179867,11,14,15,17,57,500000
"2017-11-14 15:17:58.25",7182,110156,80.4,13.27,65,2.5059,-147,-25.0794,2,10,0.8,718.2,5.25,0.041765,-0.41799,11,14,15,17,58,250000
"2017-11-14 15:17:58.75",7183,110157,77.15,13.27,65,2.5058,-147,-25.0784,2,11,0.8,718.8,5.036,0.04176333,-0.4179733,11,14,15,17,58,750000
"2017-11-14 15:17:59.5",7184,110158,84.3,13.28,65,2.5043,-147,-25.0783,2,9,0.9,718.4,5.503,0.04173834,-0.4179717,11,14,15,17,59,500000
"2017-11-14 15:18:00.25",7185,110159,87.6,13.27,65,2.504,-147,-25.0791,2,10,0.9,718.4,5.721,0.04173333,-0.417985,11,14,15,18,0,250000
"2017-11-14 15:18:00.75",7186,110160,83.4,13.28,65,2.5034,-147,-25.0813,2,9,0.9,718.8,5.445,0.04172333,-0.4180217,11,14,15,18,0,750000
"2017-11-14 15:18:01.5",7187,110161,87.7,13.26,65,2.503,-147,-25.0821,2,9,0.9,719,5.725,0.04171667,-0.418035,11,14,15,18,1,500000
"2017-11-14 15:18:02.25",7188,110162,76.15,13.28,65,2.5017,-147,-25.0802,2,9,0.9,717.6,4.97,0.041695,-0.4180034,11,14,15,18,2,250000
"2017-11-14 15:18:03",7189,110163,77.32,13.26,65,2.5012,-147,-25.0792,2,10,0.8,720,5.047,0.04168666,-0.4179867,11,14,15,18,3,0
"2017-11-14 15:18:03.75",7190,110164,69.93,13.28,65,2.5011,-147,-25.0793,2,10,0.9,720.3,4.565,0.041685,-0.4179883,11,14,15,18,3,750000
"2017-11-14 15:18:04.5",7191,110165,77.76,13.26,65,2.501,-147,-25.0787,2,10,0.8,720.8,5.076,0.04168333,-0.4179783,11,14,15,18,4,500000
"2017-11-14 15:18:05.25",7192,110166,71.27,13.25,65,2.5004,-147,-25.0764,2,10,0.8,720.3,4.652,0.04167334,-0.41794,11,14,15,18,5,250000
"2017-11-14 15:18:06",7193,110167,75.65,13.26,65,2.4999,-147,-25.0772,2,10,0.8,721.5,4.938,0.041665,-0.4179534,11,14,15,18,6,0
"2017-11-14 15:18:06.75",7194,110168,75.54,13.27,65,2.5001,-147,-25.0748,2,10,0.8,721.5,4.931,0.04166833,-0.4179134,11,14,15,18,6,750000
"2017-11-14 15:18:07.25",7195,110169,80.2,13.25,65,2.4995,-147,-25.0733,2,10,0.8,722.3,5.236,0.04165834,-0.4178883,11,14,15,18,7.000,250000
"2017-11-14 15:18:08",7196,110170,75.21,13.26,65,2.4993,-147,-25.0721,2,10,0.8,722.8,4.909,0.041655,-0.4178683,11,14,15,18,8,0
"2017-11-14 15:18:08.75",7197,110171,77.27,13.28,65,2.4985,-147,-25.0698,2,10,0.8,723.7,5.043,0.04164167,-0.41783,11,14,15,18,8,750000
"2017-11-14 15:18:09.5",7198,110172,78.1,13.28,65,2.4978,-147,-25.0695,2,10,0.8,724.1,5.098,0.04163,-0.417825,11,14,15,18,9,500000
"2017-11-14 15:18:10.25",7199,110173,79.43,13.28,65,2.4973,-147,-25.0673,2,10,0.8,725.9,5.185,0.04162167,-0.4177884,11,14,15,18,10,250000
"2017-11-14 15:18:10.75",7200,110174,81.5,13.25,65,2.4969,-147,-25.0653,2,9,0.9,725.5,5.319,0.041615,-0.417755,11,14,15,18,10,750000
"2017-11-14 15:18:11.5",7201,110175,85.6,13.26,65,2.4969,-147,-25.0656,2,10,0.8,724.8,5.587,0.041615,-0.41776,11,14,15,18,11,500000
"2017-11-14 15:18:12.25",7202,110176,80.7,13.26,65,2.4964,-147,-25.0643,2,10,0.8,724.7,5.265,0.04160667,-0.4177384,11,14,15,18,12,250000
"2017-11-14 15:18:12.75",7203,110177,73.71,13.27,65,2.4964,-147,-25.0631,2,9,0.9,724.8,4.811,0.04160667,-0.4177184,11,14,15,18,12,750000
"2017-11-14 15:18:13.25",7204,110178,80.6,13.25,65,2.4953,-147,-25.0598,2,10,0.8,725,5.261,0.04158833,-0.4176633,11,14,15,18,13,250000
"2017-11-14 15:18:13.75",7205,110179,79.55,13.26,65,2.4951,-147,-25.058,2,10,0.8,725,5.192,0.041585,-0.4176334,11,14,15,18,13,750000
"2017-11-14 15:18:14.5",7206,110180,71.77,13.25,65,2.4951,-147,-25.0567,2,10,0.8,725.3,4.685,0.041585,-0.4176116,11,14,15,18,14,500000
"2017-11-14 15:18:15.25",7207,110181,67.27,13.27,65,2.4947,-147,-25.0569,2,10,0.8,726,4.391,0.04157833,-0.417615,11,14,15,18,15,250000
"2017-11-14 15:18:15.75",7208,110182,86.7,13.26,65,2.4942,-147,-25.0543,2,10,0.8,725.7,5.657,0.04157,-0.4175717,11,14,15,18,15,750000
"2017-11-14 15:18:16.25",7209,110183,85,13.26,65,2.4939,-147,-25.0529,2,10,0.9,725.4,5.548,0.041565,-0.4175483,11,14,15,18,16,250000
"2017-11-14 15:18:16.75",7210,110184,75.44,13.26,65,2.4938,-147,-25.0503,2,10,0.8,725.4,4.924,0.04156333,-0.417505,11,14,15,18,16,750000
"2017-11-14 15:18:17.5",7211,110185,68.88,13.24,65,2.493,-147,-25.0505,2,10,0.8,726,4.496,0.04155,-0.4175083,11,14,15,18,17,500000
"2017-11-14 15:18:18.25",7212,110186,62.05,13.25,65,2.4928,-147,-25.0484,2,10,0.8,725.9,4.05,0.04154666,-0.4174734,11,14,15,18,18,250000
"2017-11-14 15:18:19",7213,110187,57.72,13.27,65,2.4921,-147,-25.0485,2,10,0.8,725.8,3.767,0.041535,-0.417475,11,14,15,18,19,0
"2017-11-14 15:18:19.75",7214,110188,62.72,13.27,65,2.491,-147,-25.0476,2,10,0.8,725.1,4.094,0.04151666,-0.41746,11,14,15,18,19,750000
"2017-11-14 15:18:20.25",7215,110189,116.7,13.24,65,2.4876,-147,-25.0285,2,10,0.8,725.5,7.615,0.04146,-0.4171416,11,14,15,18,20,250000
"2017-11-14 15:18:20.75",7216,110190,119.9,13.26,65,2.4876,-147,-25.0285,2,10,0.8,725.5,7.829,0.04146,-0.4171416,11,14,15,18,20,750000
"2017-11-14 15:18:21.25",7217,110191,1.833,13.26,65,2.4876,-147,-25.0284,2,10,0.8,725.4,0.12,0.04146,-0.41714,11,14,15,18,21,250000
"2017-11-14 15:18:21.75",7218,110192,1.778,13.26,65,2.4877,-147,-25.0286,2,10,0.8,725.4,0.12,0.04146166,-0.4171434,11,14,15,18,21,750000
"2017-11-14 15:18:22.25",7219,110193,1.833,13.24,65,2.4877,-147,-25.0284,2,10,0.9,725.5,0.12,0.04146166,-0.41714,11,14,15,18,22,250000
"2017-11-14 15:18:22.75",7220,110194,119.9,13.23,65,2.4877,-147,-25.0284,2,10,0.9,725.6,7.825,0.04146166,-0.41714,11,14,15,18,22,750000
"2017-11-14 15:18:23.5",7221,110195,0.33,13.24,65,2.4877,-147,-25.0284,2,10,0.9,725.6,0.02,0.04146166,-0.41714,11,14,15,18,23,500000
"2017-11-14 15:18:24",7222,110196,43.84,13.18,65,2.3787,-147,-24.9964,2,10,1,729.8,2.862,0.039645,-0.4166067,11,14,15,18,24,0
"2017-11-14 15:18:24.75",7223,110197,119.9,13.17,65,2.3787,-147,-24.9963,2,10,1,729.7,7.827,0.039645,-0.416605,11,14,15,18,24,750000
"2017-11-14 15:18:25.5",7224,110198,119.9,13.16,65,2.3787,-147,-24.9963,2,10,1,729.7,7.824,0.039645,-0.416605,11,14,15,18,25,500000
"2017-11-14 15:18:26.25",7225,110199,0.33,13.16,65,2.3787,-147,-24.9963,2,10,1,729.7,0.02,0.039645,-0.416605,11,14,15,18,26,250000
"2017-11-14 15:18:27",7226,110200,0.22,13.16,65,2.3787,-147,-24.9963,2,10,1,729.7,0.02,0.039645,-0.416605,11,14,15,18,27,0
"2017-11-14 15:18:27.75",7227,110201,81.5,13.21,65,2.3768,-147,-24.9935,2,10,0.8,726.7,5.317,0.03961333,-0.4165583,11,14,15,18,27,750000
"2017-11-14 15:18:28.25",7228,110202,83.8,13.19,65,2.3765,-147,-24.9928,2,10,1,726.7,5.47,0.03960833,-0.4165467,11,14,15,18,28,250000
"2017-11-14 15:18:29",7229,110203,95.9,13.19,65,2.3765,-147,-24.9927,2,10,1,726,6.257,0.03960833,-0.416545,11,14,15,18,29,0
"2017-11-14 15:18:29.5",7230,110204,98.4,13.18,65,2.3755,-147,-24.9932,2,10,0.8,726.1,6.424,0.03959167,-0.4165534,11,14,15,18,29,500000
"2017-11-14 15:18:30.25",7231,110205,106.9,13.15,65,2.3736,-147,-24.9939,2,10,0.8,725.6,6.979,0.03956,-0.416565,11,14,15,18,30,250000
"2017-11-14 15:18:30.75",7232,110206,99,13.14,65,2.3736,-147,-24.9947,2,10,0.8,725.8,6.464,0.03956,-0.4165783,11,14,15,18,30,750000
"2017-11-14 15:18:31.25",7233,110207,92.4,13.15,65,2.3731,-147,-24.994,2,10,0.8,725.6,6.032,0.03955167,-0.4165667,11,14,15,18,31,250000
"2017-11-14 15:18:31.75",7234,110208,110.8,13.14,65,2.3729,-147,-24.9943,2,10,1,725.7,7.233,0.03954833,-0.4165717,11,14,15,18,31,750000
"2017-11-14 15:18:32.25",7235,110209,119.9,13.16,65,2.3722,-147,-24.9947,2,10,0.8,726.1,7.824,0.03953667,-0.4165783,11,14,15,18,32,250000
"2017-11-14 15:18:32.75",7236,110210,72.86,13.18,65,2.3717,-147,-24.9946,2,11,0.8,725.8,4.756,0.03952833,-0.4165767,11,14,15,18,32,750000
"2017-11-14 15:18:33.25",7237,110211,71.36,13.18,65,2.3712,-147,-24.9954,2,11,0.8,726,4.658,0.03952,-0.41659,11,14,15,18,33,250000
"2017-11-14 15:18:33.75",7238,110212,46.13,13.17,65,2.3698,-147,-24.9921,2,11,0.8,725.9,3.011,0.03949667,-0.416535,11,14,15,18,33,750000
"2017-11-14 15:18:34.25",7239,110213,64.91,13.17,65,2.3678,-147,-24.9942,2,11,0.8,728.4,4.237,0.03946333,-0.41657,11,14,15,18,34,250000
"2017-11-14 15:18:34.75",7240,110214,60.57,13.17,65,2.3675,-147,-24.9955,2,11,0.8,728.9,3.954,0.03945834,-0.4165917,11,14,15,18,34,750000
"2017-11-14 15:18:35.5",7241,110215,65.58,13.16,65,2.3656,-147,-24.996,2,11,0.8,730,4.28,0.03942667,-0.4166,11,14,15,18,35,500000
"2017-11-14 15:18:36.25",7242,110216,56.07,13.16,65,2.364,-147,-24.9943,2,11,0.8,730.9,3.66,0.0394,-0.4165717,11,14,15,18,36,250000
"2017-11-14 15:18:37",7243,110217,49.46,13.17,65,2.3629,-147,-24.9946,2,11,0.8,731.1,3.228,0.03938167,-0.4165767,11,14,15,18,37,0
"2017-11-14 15:18:37.5",7244,110218,73.52,13.16,65,2.3608,-147,-24.9959,2,11,0.8,731.7,4.799,0.03934667,-0.4165983,11,14,15,18,37,500000
"2017-11-14 15:18:38",7245,110219,89,13.16,65,2.3599,-147,-24.9959,2,11,0.8,732.1,5.811,0.03933167,-0.4165983,11,14,15,18,38,0
"2017-11-14 15:18:38.5",7246,110220,66.63,13.17,65,2.359,-147,-24.997,2,11,0.8,732,4.349,0.03931666,-0.4166166,11,14,15,18,38,500000
"2017-11-14 15:18:39",7247,110221,49.13,13.15,65,2.3589,-147,-24.9971,2,11,0.8,732.6,3.207,0.039315,-0.4166184,11,14,15,18,39,0
"2017-11-14 15:18:39.5",7248,110222,62.58,13.16,65,2.3575,-147,-24.9975,2,11,0.8,732.7,4.085,0.03929167,-0.416625,11,14,15,18,39,500000
"2017-11-14 15:18:40",7249,110223,70.86,13.16,65,2.3561,-147,-24.9995,2,11,0.8,733.2,4.625,0.03926833,-0.4166584,11,14,15,18,40,0
"2017-11-14 15:18:40.5",7250,110224,61.02,13.16,65,2.355,-147,-24.9998,2,11,0.8,733.2,3.983,0.03925,-0.4166633,11,14,15,18,40,500000
"2017-11-14 15:18:41",7251,110225,59.07,13.16,65,2.3549,-147,-25.0009,2,11,0.8,733.4,3.856,0.03924833,-0.4166817,11,14,15,18,41,0
"2017-11-14 15:18:41.75",7252,110226,67.36,13.16,65,2.3537,-147,-25.0025,2,11,0.8,732.9,4.397,0.03922833,-0.4167084,11,14,15,18,41,750000
"2017-11-14 15:18:42.25",7253,110227,73.08,13.15,65,2.3527,-147,-25.0027,2,11,0.8,732.8,4.77,0.03921167,-0.4167117,11,14,15,18,42,250000
"2017-11-14 15:18:43",7254,110228,83.1,13.14,65,2.3517,-147,-25.0039,2,11,0.8,732.5,5.423,0.039195,-0.4167317,11,14,15,18,43,0
"2017-11-14 15:18:43.5",7255,110229,79.30,13.15,65,2.3509,-147,-25.0039,2,11,0.8,732.3,5.176,0.03918166,-0.4167317,11,14,15,18,43,500000
"2017-11-14 15:18:44.25",7256,110230,72.58,13.15,65,2.3495,-147,-25.0056,2,11,0.8,732.4,4.738,0.03915833,-0.41676,11,14,15,18,44,250000
"2017-11-14 15:18:45",7257,110231,73.47,13.15,65,2.3487,-147,-25.0049,2,11,0.8,732.6,4.796,0.039145,-0.4167484,11,14,15,18,45,0
"2017-11-14 15:18:45.75",7258,110232,75.14,13.15,65,2.3491,-147,-25.0077,2,11,0.8,731.7,4.904,0.03915167,-0.416795,11,14,15,18,45,750000
"2017-11-14 15:18:46.25",7259,110233,77.25,13.14,65,2.3488,-147,-25.0077,2,11,0.8,731.5,5.042,0.03914666,-0.416795,11,14,15,18,46,250000
"2017-11-14 15:18:47",7260,110234,60.69,13.13,65,2.3478,-147,-25.0078,2,9,0.9,732.1,3.961,0.03913,-0.4167966,11,14,15,18,47,0
"2017-11-14 15:18:47.5",7261,110235,71.13,13.13,65,2.3468,-147,-25.0083,2,11,0.8,732.8,4.643,0.03911334,-0.416805,11,14,15,18,47,500000
"2017-11-14 15:18:48.25",7262,110236,104,13.13,65,2.3458,-147,-25.0088,2,11,0.8,733.1,6.791,0.03909666,-0.4168134,11,14,15,18,48,250000
"2017-11-14 15:18:48.75",7263,110237,99.7,13.12,65,2.3454,-147,-25.009,2,11,0.8,733.8,6.508,0.03909,-0.4168167,11,14,15,18,48,750000
"2017-11-14 15:18:49.25",7264,110238,64.52,13.13,65,2.344,-147,-25.0098,2,11,0.8,735.4,4.212,0.03906667,-0.41683,11,14,15,18,49,250000
"2017-11-14 15:18:49.75",7265,110239,59.24,13.12,65,2.3436,-147,-25.0089,2,11,0.8,735.3,3.867,0.03906,-0.416815,11,14,15,18,49,750000
"2017-11-14 15:18:50.5",7266,110240,70.19,13.13,65,2.3426,-147,-25.0106,2,10,0.8,735.6,4.582,0.03904333,-0.4168433,11,14,15,18,50,500000
"2017-11-14 15:18:51.25",7267,110241,72.41,13.12,65,2.3422,-147,-25.011,2,10,0.8,735.8,4.727,0.03903667,-0.41685,11,14,15,18,51,250000
"2017-11-14 15:18:52",7268,110242,64.85,13.12,65,2.3422,-147,-25.0105,2,11,0.8,735.6,4.233,0.03903667,-0.4168416,11,14,15,18,52,0
"2017-11-14 15:18:52.75",7269,110243,74.14,13.13,65,2.3407,-147,-25.0123,2,11,0.8,735,4.839,0.03901166,-0.4168717,11,14,15,18,52,750000
"2017-11-14 15:18:53.5",7270,110244,41.9,13.13,65,2.3398,-147,-25.0131,2,11,0.8,735.7,2.735,0.03899666,-0.416885,11,14,15,18,53,500000
"2017-11-14 15:18:54.25",7271,110245,38.79,13.13,65,2.3378,-147,-25.0152,2,11,0.8,734.8,2.532,0.03896333,-0.41692,11,14,15,18,54,250000
"2017-11-14 15:18:55",7272,110246,35.12,13.13,65,2.3374,-147,-25.0147,2,11,0.8,735.7,2.293,0.03895666,-0.4169117,11,14,15,18,55,0
"2017-11-14 15:18:55.75",7273,110247,55.13,13.12,65,2.3366,-147,-25.0166,2,11,0.8,735.5,3.599,0.03894334,-0.4169434,11,14,15,18,55,750000
"2017-11-14 15:18:56.5",7274,110248,53.41,13.12,65,2.3367,-147,-25.0174,2,11,0.8,736.1,3.486,0.038945,-0.4169567,11,14,15,18,56,500000
"2017-11-14 15:18:57.25",7275,110249,59.24,13.15,65,2.3365,-147,-25.0167,2,11,0.8,738,3.867,0.03894167,-0.416945,11,14,15,18,57,250000
"2017-11-14 15:18:58",7276,110250,56.85,13.14,65,2.3357,-147,-25.0172,2,11,0.8,737.9,3.711,0.03892833,-0.4169534,11,14,15,18,58,0
"2017-11-14 15:18:58.5",7277,110251,58.41,13.15,65,2.335,-147,-25.0179,2,11,0.8,738.2,3.813,0.03891667,-0.416965,11,14,15,18,58,500000
"2017-11-14 15:18:59.25",7278,110252,67.74,13.15,65,2.3341,-147,-25.0189,2,11,0.8,738,4.422,0.03890167,-0.4169817,11,14,15,18,59,250000
"2017-11-14 15:18:59.75",7279,110253,75.41,13.14,65,2.3332,-147,-25.0208,2,11,0.8,737.8,4.923,0.03888667,-0.4170133,11,14,15,18,59,750000
"2017-11-14 15:19:00.5",7280,110254,89.5,13.14,65,2.3322,-147,-25.0233,2,11,0.8,737.6,5.84,0.03887,-0.417055,11,14,15,19,0,500000
"2017-11-14 15:19:01.5",7281,110255,87.3,13.14,65,2.3315,-147,-25.0242,2,11,0.8,737.3,5.695,0.03885834,-0.41707,11,14,15,19,1,500000
"2017-11-14 15:19:02.25",7282,110256,79.58,13.15,65,2.331,-147,-25.0245,2,11,0.8,737,5.195,0.03885,-0.417075,11,14,15,19,2,250000
"2017-11-14 15:19:03",7283,110257,75.64,13.14,65,2.331,-147,-25.024,2,11,0.8,737.3,4.937,0.03885,-0.4170667,11,14,15,19,3,0
"2017-11-14 15:19:03.75",7284,110258,71.13,13.15,65,2.3305,-147,-25.0261,2,11,0.8,737.4,4.643,0.03884166,-0.4171017,11,14,15,19,3,750000
"2017-11-14 15:19:04.5",7285,110259,63.97,13.15,65,2.3299,-147,-25.0279,2,11,0.8,737.2,4.175,0.03883167,-0.4171317,11,14,15,19,4,500000
"2017-11-14 15:19:05.25",7286,110260,66.08,13.14,65,2.3292,-147,-25.0287,2,11,0.8,736.9,4.313,0.03882,-0.417145,11,14,15,19,5,250000
"2017-11-14 15:19:06",7287,110261,67.58,13.14,65,2.3292,-147,-25.0296,2,11,0.8,736.3,4.411,0.03882,-0.41716,11,14,15,19,6,0
"2017-11-14 15:19:06.75",7288,110262,76.03,13.13,65,2.3291,-147,-25.031,2,11,0.8,735.8,4.962,0.03881833,-0.4171833,11,14,15,19,6,750000
"2017-11-14 15:19:07.25",7289,110263,65.35,13.14,65,2.3287,-147,-25.0314,2,11,0.8,736.4,4.266,0.03881167,-0.41719,11,14,15,19,7.000,250000
"2017-11-14 15:19:07.75",7290,110264,74.19,13.15,65,2.3284,-147,-25.0305,2,11,0.8,736.3,4.843,0.03880666,-0.417175,11,14,15,19,7.000,750000
"2017-11-14 15:19:08.25",7291,110265,73.58,13.14,65,2.3268,-147,-25.0314,2,11,0.8,737.1,4.803,0.03878,-0.41719,11,14,15,19,8,250000
"2017-11-14 15:19:08.75",7292,110266,59.02,13.13,65,2.3266,-147,-25.0307,2,11,0.8,736.5,3.852,0.03877667,-0.4171783,11,14,15,19,8,750000
"2017-11-14 15:19:09.5",7293,110267,83.7,13.13,65,2.3254,-147,-25.0298,2,11,0.8,737.2,5.463,0.03875667,-0.4171634,11,14,15,19,9,500000
"2017-11-14 15:19:10.25",7294,110268,67.91,13.14,65,2.3246,-147,-25.0293,2,11,0.8,738,4.433,0.03874333,-0.417155,11,14,15,19,10,250000
"2017-11-14 15:19:11",7295,110269,56.46,13.13,65,2.323,-147,-25.0293,2,11,0.8,738.4,3.686,0.03871667,-0.417155,11,14,15,19,11,0
"2017-11-14 15:19:11.75",7296,110270,65.97,13.14,65,2.3221,-147,-25.0295,2,11,0.8,737.9,4.306,0.03870166,-0.4171583,11,14,15,19,11,750000
"2017-11-14 15:19:12.5",7297,110271,53.96,13.13,65,2.3216,-147,-25.0294,2,11,0.8,737.8,3.522,0.03869333,-0.4171567,11,14,15,19,12,500000
"2017-11-14 15:19:13.25",7298,110272,66.41,13.13,65,2.3211,-147,-25.0305,2,11,0.8,738.4,4.335,0.038685,-0.417175,11,14,15,19,13,250000
"2017-11-14 15:19:14",7299,110273,55.8,13.13,65,2.3199,-147,-25.0305,2,11,0.8,738.8,3.642,0.038665,-0.417175,11,14,15,19,14,0
"2017-11-14 15:19:14.75",7300,110274,51.57,13.13,65,2.3189,-147,-25.0303,2,11,0.8,738.5,3.366,0.03864833,-0.4171716,11,14,15,19,14,750000
"2017-11-14 15:19:15.25",7301,110275,63.35,13.13,65,2.3182,-147,-25.0307,2,11,0.8,740.1,4.135,0.03863667,-0.4171783,11,14,15,19,15,250000
"2017-11-14 15:19:16",7302,110276,59.69,13.13,65,2.3175,-147,-25.0299,2,11,0.8,740.2,3.896,0.038625,-0.417165,11,14,15,19,16,0
"2017-11-14 15:19:16.5",7303,110277,54.35,13.13,65,2.3168,-147,-25.0296,2,11,0.8,740.2,3.548,0.03861334,-0.41716,11,14,15,19,16,500000
"2017-11-14 15:19:17.25",7304,110278,55.02,13.13,65,2.3159,-147,-25.0294,2,11,0.8,740.5,3.591,0.03859834,-0.4171567,11,14,15,19,17,250000
"2017-11-14 15:19:18",7305,110279,0.28,13.12,65,2.3151,-147,-25.0301,2,11,0.8,740.3,0.02,0.038585,-0.4171683,11,14,15,19,18,0
"2017-11-14 15:19:18.75",7306,110280,59.13,13.12,65,2.313,-147,-25.0298,2,11,0.8,740,3.86,0.03855,-0.4171634,11,14,15,19,18,750000
"2017-11-14 15:19:19.5",7307,110281,57.91,13.12,65,2.3115,-147,-25.0293,2,11,0.8,740.6,3.78,0.038525,-0.417155,11,14,15,19,19,500000
"2017-11-14 15:19:20.25",7308,110282,94.1,13.13,65,2.3114,-147,-25.0287,2,11,0.8,740.3,6.141,0.03852333,-0.417145,11,14,15,19,20,250000
"2017-11-14 15:19:20.75",7309,110283,76.47,13.12,65,2.3104,-147,-25.0293,2,11,0.8,740.1,4.991,0.03850667,-0.417155,11,14,15,19,20,750000
"2017-11-14 15:19:21.5",7310,110284,75.69,13.13,65,2.3096,-147,-25.0279,2,10,0.8,740.9,4.941,0.03849334,-0.4171317,11,14,15,19,21,500000
"2017-11-14 15:19:22.25",7311,110285,60.19,13.13,65,2.3085,-147,-25.0275,2,11,0.8,741,3.929,0.038475,-0.417125,11,14,15,19,22,250000
"2017-11-14 15:19:23",7312,110286,48.29,13.12,65,2.307,-147,-25.028,2,11,0.8,741.9,3.152,0.03845,-0.4171333,11,14,15,19,23,0
"2017-11-14 15:19:23.75",7313,110287,59.58,13.12,65,2.3074,-147,-25.0279,2,11,0.8,742.3,3.889,0.03845667,-0.4171317,11,14,15,19,23,750000
"2017-11-14 15:19:24.5",7314,110288,76.80,13.12,65,2.3071,-147,-25.0279,2,11,0.8,742.5,5.013,0.03845167,-0.4171317,11,14,15,19,24,500000
"2017-11-14 15:19:25.25",7315,110289,89.5,13.12,65,2.3062,-147,-25.0272,2,11,0.8,743.1,5.844,0.03843667,-0.41712,11,14,15,19,25,250000
"2017-11-14 15:19:25.75",7316,110290,64.19,13.11,65,2.3053,-147,-25.0277,2,11,0.8,743.4,4.19,0.03842167,-0.4171284,11,14,15,19,25,750000
"2017-11-14 15:19:26.5",7317,110291,57.46,13.12,65,2.3038,-147,-25.0276,2,11,0.8,744.6,3.751,0.03839667,-0.4171266,11,14,15,19,26,500000
"2017-11-14 15:19:27.25",7318,110292,56.57,13.11,65,2.3026,-147,-25.027,2,11,0.8,744.2,3.693,0.03837667,-0.4171167,11,14,15,19,27,250000
"2017-11-14 15:19:28",7319,110293,43.51,13.11,65,2.3018,-147,-25.0269,2,11,0.8,744,2.84,0.03836333,-0.417115,11,14,15,19,28,0
"2017-11-14 15:19:28.75",7320,110294,58.57,13.12,65,2.3009,-147,-25.0263,2,11,0.8,744.1,3.823,0.03834833,-0.417105,11,14,15,19,28,750000
"2017-11-14 15:19:29.25",7321,110295,43.4,13.12,65,2.2997,-147,-25.0258,2,11,0.8,745,2.833,0.03832834,-0.4170967,11,14,15,19,29,250000
"2017-11-14 15:19:30",7322,110296,65.35,13.12,65,2.2997,-147,-25.0255,2,11,0.8,745.7,4.266,0.03832834,-0.4170917,11,14,15,19,30,0
"2017-11-14 15:19:30.75",7323,110297,70.02,13.11,65,2.299,-147,-25.0251,2,11,0.8,745.7,4.571,0.03831667,-0.417085,11,14,15,19,30,750000
"2017-11-14 15:19:31.25",7324,110298,65.86,13.11,65,2.2981,-147,-25.0238,2,11,0.8,745.3,4.299,0.03830166,-0.4170633,11,14,15,19,31,250000
"2017-11-14 15:19:32",7325,110299,80.1,13.11,65,2.2971,-147,-25.0231,2,11,0.8,745.1,5.231,0.038285,-0.4170517,11,14,15,19,32,0
"2017-11-14 15:19:32.75",7326,110300,83.6,13.11,65,2.2969,-147,-25.0223,2,11,0.8,745.7,5.456,0.03828167,-0.4170384,11,14,15,19,32,750000
"2017-11-14 15:19:33.5",7327,110301,69.80,13.11,65,2.2958,-147,-25.022,2,11,0.8,745.7,4.556,0.03826333,-0.4170333,11,14,15,19,33,500000
"2017-11-14 15:19:34",7328,110302,87.9,13.11,65,2.2958,-147,-25.0212,2,11,0.8,746,5.735,0.03826333,-0.41702,11,14,15,19,34,0
"2017-11-14 15:19:34.5",7329,110303,84.5,13.1,65,2.295,-147,-25.0206,2,11,0.8,746.4,5.514,0.03825,-0.41701,11,14,15,19,34,500000
"2017-11-14 15:19:35",7330,110304,79.09,13.11,65,2.2939,-147,-25.0202,2,11,0.8,746.5,5.162,0.03823167,-0.4170033,11,14,15,19,35,0
"2017-11-14 15:19:35.5",7331,110305,71.80,13.11,65,2.2939,-147,-25.0188,2,11,0.8,746.4,4.687,0.03823167,-0.41698,11,14,15,19,35,500000
"2017-11-14 15:19:36.25",7332,110306,71.08,13.11,65,2.2934,-147,-25.0182,2,11,0.8,746.4,4.64,0.03822333,-0.41697,11,14,15,19,36,250000
"2017-11-14 15:19:36.75",7333,110307,66.41,13.11,65,2.2925,-147,-25.0171,2,11,0.8,746.8,4.335,0.03820833,-0.4169516,11,14,15,19,36,750000
"2017-11-14 15:19:37.25",7334,110308,60.91,13.11,65,2.2926,-147,-25.0175,2,11,0.8,747,3.976,0.03821,-0.4169583,11,14,15,19,37,250000
"2017-11-14 15:19:38",7335,110309,70.14,13.1,65,2.2913,-147,-25.016,2,11,0.8,747.4,4.578,0.03818834,-0.4169334,11,14,15,19,38,0
"2017-11-14 15:19:38.5",7336,110310,64.92,13.1,65,2.2915,-147,-25.0153,2,11,0.8,747.5,4.237,0.03819167,-0.4169217,11,14,15,19,38,500000
"2017-11-14 15:19:39",7337,110311,64.03,13.1,65,2.2902,-147,-25.0145,2,11,0.8,748.1,4.179,0.03817,-0.4169083,11,14,15,19,39,0
"2017-11-14 15:19:39.5",7338,110312,68.86,13.1,65,2.2887,-147,-25.0123,2,11,0.8,748.1,4.495,0.038145,-0.4168717,11,14,15,19,39,500000
"2017-11-14 15:19:40.25",7339,110313,69.03,13.1,65,2.2877,-147,-25.0116,2,11,0.8,748.2,4.506,0.03812833,-0.41686,11,14,15,19,40,250000
"2017-11-14 15:19:40.75",7340,110314,50.19,13.1,65,2.2875,-147,-25.0103,2,11,0.8,748.8,3.276,0.038125,-0.4168383,11,14,15,19,40,750000
"2017-11-14 15:19:41.5",7341,110315,50.02,13.1,65,2.2868,-147,-25.0098,2,11,0.8,748.7,3.265,0.03811333,-0.41683,11,14,15,19,41,500000
"2017-11-14 15:19:42",7342,110316,64.92,13.1,65,2.2859,-147,-25.0102,2,11,0.8,749.2,4.237,0.03809834,-0.4168367,11,14,15,19,42,0
"2017-11-14 15:19:42.75",7343,110317,59.58,13.1,65,2.285,-147,-25.0092,2,11,0.8,749.3,3.889,0.03808333,-0.41682,11,14,15,19,42,750000
"2017-11-14 15:19:43.25",7344,110318,49.3,13.11,65,2.2844,-147,-25.0081,2,11,0.8,750,3.218,0.03807334,-0.4168017,11,14,15,19,43,250000
"2017-11-14 15:19:43.75",7345,110319,66.92,13.09,65,2.284,-147,-25.0068,2,11,0.8,749.7,4.368,0.03806667,-0.41678,11,14,15,19,43,750000
"2017-11-14 15:19:44.5",7346,110320,73.14,13.1,65,2.2835,-147,-25.0052,2,11,0.8,749.8,4.774,0.03805833,-0.4167533,11,14,15,19,44,500000
"2017-11-14 15:19:45.25",7347,110321,71.75,13.1,65,2.2823,-147,-25.0037,2,11,0.8,749.8,4.684,0.03803833,-0.4167284,11,14,15,19,45,250000
"2017-11-14 15:19:45.75",7348,110322,56.25,13.1,65,2.2812,-147,-25.0031,2,11,0.8,749.6,3.672,0.03802,-0.4167183,11,14,15,19,45,750000
"2017-11-14 15:19:46.5",7349,110323,47.97,13.09,65,2.2803,-147,-25.001,2,11,0.8,749.9,3.131,0.038005,-0.4166833,11,14,15,19,46,500000
"2017-11-14 15:19:47.25",7350,110324,52.36,13.1,65,2.2799,-147,-24.9999,2,11,0.8,749.8,3.418,0.03799833,-0.416665,11,14,15,19,47,250000
"2017-11-14 15:19:48",7351,110325,45.24,13.1,65,2.2809,-147,-24.9952,2,11,0.8,749.9,2.953,0.038015,-0.4165867,11,14,15,19,48,0
"2017-11-14 15:19:48.5",7352,110326,29.35,13.1,65,2.2818,-147,-24.9938,2,11,0.8,749.5,1.916,0.03803,-0.4165633,11,14,15,19,48,500000
"2017-11-14 15:19:49.25",7353,110327,26.29,13.1,65,2.2817,-147,-24.9919,2,11,0.8,750.6,1.716,0.03802833,-0.4165316,11,14,15,19,49,250000
"2017-11-14 15:19:50",7354,110328,20.45,13.08,65,2.2846,-147,-24.9869,2,11,0.8,753,1.335,0.03807666,-0.4164483,11,14,15,19,50,0
"2017-11-14 15:19:50.5",7355,110329,22.07,13.08,65,2.2838,-147,-24.9874,2,11,0.8,752.7,1.44,0.03806333,-0.4164567,11,14,15,19,50,500000
"2017-11-14 15:19:51",7356,110330,21.68,13.08,65,2.283,-147,-24.989,2,11,0.8,752,1.415,0.03805,-0.4164834,11,14,15,19,51,0
"2017-11-14 15:19:51.5",7357,110331,20.18,13.09,65,2.2824,-147,-24.9907,2,11,0.8,751.9,1.317,0.03804,-0.4165116,11,14,15,19,51,500000
"2017-11-14 15:19:52.25",7358,110332,24.96,13.08,65,2.2808,-147,-24.9933,2,11,0.8,751,1.629,0.03801334,-0.416555,11,14,15,19,52,250000
"2017-11-14 15:19:53",7359,110333,29.01,13.08,65,2.2801,-147,-24.9946,2,11,0.8,751.1,1.894,0.03800167,-0.4165767,11,14,15,19,53,0
"2017-11-14 15:19:53.5",7360,110334,52.53,13.09,65,2.2794,-147,-24.9951,2,11,0.8,751.5,3.429,0.03799,-0.416585,11,14,15,19,53,500000
"2017-11-14 15:19:54.25",7361,110335,73.15,13.09,65,2.2784,-147,-24.997,2,11,0.8,751.5,4.775,0.03797333,-0.4166166,11,14,15,19,54,250000
"2017-11-14 15:19:54.75",7362,110336,63.37,13.09,65,2.278,-147,-24.9987,2,11,0.8,751.2,4.136,0.03796667,-0.416645,11,14,15,19,54,750000
"2017-11-14 15:19:55.25",7363,110337,61.42,13.08,65,2.2777,-147,-25.0016,2,11,0.8,752,4.009,0.03796166,-0.4166933,11,14,15,19,55,250000
"2017-11-14 15:19:55.75",7364,110338,61.37,13.09,65,2.2774,-147,-25.003,2,11,0.8,751.1,4.006,0.03795667,-0.4167167,11,14,15,19,55,750000
"2017-11-14 15:19:56.5",7365,110339,51.36,13.08,65,2.2769,-147,-25.0044,2,11,0.8,750.9,3.352,0.03794833,-0.41674,11,14,15,19,56,500000
"2017-11-14 15:19:57",7366,110340,47.69,13.09,65,2.2766,-147,-25.007,2,11,0.8,751.4,3.113,0.03794333,-0.4167833,11,14,15,19,57,0
"2017-11-14 15:19:57.75",7367,110341,49.47,13.08,65,2.2767,-147,-25.0078,2,11,0.8,751,3.229,0.037945,-0.4167966,11,14,15,19,57,750000
"2017-11-14 15:19:58.25",7368,110342,50.64,13.08,65,2.2763,-147,-25.0086,2,11,0.8,751.8,3.305,0.03793834,-0.41681,11,14,15,19,58,250000
"2017-11-14 15:19:59",7369,110343,45.13,13.08,65,2.276,-147,-25.0097,2,11,0.8,751.7,2.946,0.03793334,-0.4168283,11,14,15,19,59,0
"2017-11-14 15:19:59.75",7370,110344,49.25,13.08,65,2.2754,-147,-25.0115,2,11,0.8,752,3.215,0.03792333,-0.4168583,11,14,15,19,59,750000
"2017-11-14 15:20:00.5",7371,110345,49.97,13.08,65,2.2748,-147,-25.0139,2,11,0.8,751.6,3.262,0.03791333,-0.4168983,11,14,15,20,0,500000
"2017-11-14 15:20:01.25",7372,110346,40.85,13.08,65,2.2731,-147,-25.0134,2,11,0.8,752,2.667,0.037885,-0.41689,11,14,15,20,1,250000
"2017-11-14 15:20:02",7373,110347,42.52,13.07,65,2.2729,-147,-25.0122,2,11,0.8,752,2.776,0.03788167,-0.41687,11,14,15,20,2,0
"2017-11-14 15:20:02.75",7374,110348,31.91,13.08,65,2.2721,-147,-25.0106,2,11,0.8,752,2.083,0.03786833,-0.4168433,11,14,15,20,2,750000
"2017-11-14 15:20:03.5",7375,110349,38.08,13.07,65,2.2716,-147,-25.0085,2,11,0.8,751.8,2.485,0.03786,-0.4168083,11,14,15,20,3,500000
"2017-11-14 15:20:04.5",7376,110350,38.58,13.06,65,2.2714,-147,-25.0067,2,11,0.8,750.8,2.518,0.03785666,-0.4167784,11,14,15,20,4,500000
"2017-11-14 15:20:05.25",7377,110351,41.69,13.08,65,2.271,-147,-25.0049,2,11,0.8,750.5,2.721,0.03785,-0.4167484,11,14,15,20,5,250000
"2017-11-14 15:20:06",7378,110352,45.41,13.08,65,2.2703,-147,-25.0032,2,11,0.8,749.3,2.964,0.03783833,-0.41672,11,14,15,20,6,0
"2017-11-14 15:20:06.5",7379,110353,45.3,13.08,65,2.27,-147,-25.0028,2,11,0.8,749.3,2.957,0.03783333,-0.4167133,11,14,15,20,6,500000
"2017-11-14 15:20:07.25",7380,110354,55.03,13.07,65,2.2693,-147,-25.0016,2,11,0.8,749.4,3.592,0.03782166,-0.4166933,11,14,15,20,7.000,250000
"2017-11-14 15:20:07.75",7381,110355,50.86,13.08,65,2.2681,-147,-25.0011,2,11,0.8,749.3,3.32,0.03780167,-0.416685,11,14,15,20,7.000,750000
"2017-11-14 15:20:08.5",7382,110356,56.97,13.06,65,2.2674,-147,-25.0003,2,11,0.8,749.3,3.719,0.03779,-0.4166717,11,14,15,20,8,500000
"2017-11-14 15:20:09",7383,110357,63.25,13.07,65,2.2668,-147,-24.9983,2,11,0.8,749.1,4.129,0.03778,-0.4166384,11,14,15,20,9,0
"2017-11-14 15:20:09.5",7384,110358,60.42,13.06,65,2.2668,-147,-24.9971,2,11,0.8,748.8,3.944,0.03778,-0.4166184,11,14,15,20,9,500000
"2017-11-14 15:20:10.25",7385,110359,65.59,13.06,65,2.2667,-147,-24.9951,2,11,0.8,748.8,4.281,0.03777833,-0.416585,11,14,15,20,10,250000
"2017-11-14 15:20:10.75",7386,110360,46.19,13.06,65,2.2668,-147,-24.9932,2,11,0.8,748.9,3.015,0.03778,-0.4165534,11,14,15,20,10,750000
"2017-11-14 15:20:11.25",7387,110361,47.02,13.06,65,2.2661,-147,-24.9903,2,11,0.8,748.4,3.07,0.03776833,-0.416505,11,14,15,20,11,250000
"2017-11-14 15:20:12",7388,110362,32.18,13.07,65,2.2652,-147,-24.9889,2,11,0.8,747.7,2.101,0.03775333,-0.4164816,11,14,15,20,12,0
"2017-11-14 15:20:12.75",7389,110363,46.58,13.06,65,2.264,-147,-24.9862,2,11,0.8,747.1,3.04,0.03773333,-0.4164367,11,14,15,20,12,750000
"2017-11-14 15:20:13.5",7390,110364,47.47,13.06,65,2.2634,-147,-24.986,2,11,0.8,746.6,3.099,0.03772334,-0.4164333,11,14,15,20,13,500000
"2017-11-14 15:20:14.25",7391,110365,44.19,13.06,65,2.2633,-147,-24.9853,2,11,0.8,746.1,2.885,0.03772167,-0.4164217,11,14,15,20,14,250000
"2017-11-14 15:20:14.75",7392,110366,39.35,13.07,65,2.2625,-147,-24.9841,2,11,0.8,745.8,2.569,0.03770834,-0.4164017,11,14,15,20,14,750000
"2017-11-14 15:20:15.25",7393,110367,66.48,13.06,65,2.2618,-147,-24.9812,2,11,0.8,745,4.339,0.03769667,-0.4163533,11,14,15,20,15,250000
"2017-11-14 15:20:16",7394,110368,67.87,13.06,65,2.2616,-147,-24.9788,2,11,0.8,744.7,4.43,0.03769333,-0.4163133,11,14,15,20,16,0
"2017-11-14 15:20:16.75",7395,110369,56.25,13.05,65,2.2611,-147,-24.9779,2,11,0.8,744.7,3.672,0.037685,-0.4162983,11,14,15,20,16,750000
"2017-11-14 15:20:17.5",7396,110370,56.7,13.07,65,2.2599,-147,-24.977,2,11,0.8,745.3,3.701,0.037665,-0.4162833,11,14,15,20,17,500000
"2017-11-14 15:20:18",7397,110371,71.76,13.05,65,2.26,-147,-24.977,2,11,0.8,745.7,4.684,0.03766667,-0.4162833,11,14,15,20,18,0
"2017-11-14 15:20:18.75",7398,110372,92.1,13.07,65,2.2613,-147,-24.9771,2,11,0.8,745.2,6.012,0.03768833,-0.416285,11,14,15,20,18,750000
"2017-11-14 15:20:19.25",7399,110373,89.2,13.05,65,2.2611,-147,-24.977,2,11,0.8,745.1,5.82,0.037685,-0.4162833,11,14,15,20,19,250000
"2017-11-14 15:20:20",7400,110374,88.9,13.06,65,2.2615,-147,-24.9754,2,10,0.8,744.6,5.802,0.03769166,-0.4162567,11,14,15,20,20,0
"2017-11-14 15:20:20.5",7401,110375,87.3,13.05,65,2.2621,-147,-24.9751,2,11,0.8,745,5.696,0.03770167,-0.4162516,11,14,15,20,20,500000
"2017-11-14 15:20:21",7402,110376,77.6,13.05,65,2.2629,-147,-24.9747,2,11,0.8,745.2,5.065,0.037715,-0.416245,11,14,15,20,21,0
"2017-11-14 15:20:21.5",7403,110377,77.54,13.07,65,2.2636,-147,-24.9741,2,10,0.8,745.2,5.061,0.03772667,-0.416235,11,14,15,20,21,500000
"2017-11-14 15:20:21.75",7404,110378,66.37,13.05,65,2.2637,-147,-24.9733,2,10,0.8,745.3,4.332,0.03772833,-0.4162217,11,14,15,20,21,750000
"2017-11-14 15:20:22.5",7405,110379,60.48,13.06,65,2.2634,-147,-24.9717,2,10,0.8,746.1,3.947,0.03772334,-0.416195,11,14,15,20,22,500000
"2017-11-14 15:20:23",7406,110380,60.81,13.05,65,2.2637,-147,-24.9714,2,10,0.8,746.1,3.969,0.03772833,-0.41619,11,14,15,20,23,0
"2017-11-14 15:20:23.5",7407,110381,61.48,13.04,65,2.2639,-147,-24.9694,2,10,0.8,746.7,4.013,0.03773167,-0.4161567,11,14,15,20,23,500000
"2017-11-14 15:20:24",7408,110382,61.92,13.04,65,2.265,-147,-24.9675,2,10,0.9,746.6,4.042,0.03775,-0.416125,11,14,15,20,24,0
"2017-11-14 15:20:24.5",7409,110383,66.03,13.04,65,2.2652,-147,-24.9664,2,10,0.8,747.1,4.31,0.03775333,-0.4161067,11,14,15,20,24,500000
"2017-11-14 15:20:25",7410,110384,66.92,13.05,65,2.2658,-147,-24.9666,2,10,0.8,746.7,4.368,0.03776334,-0.41611,11,14,15,20,25,0
"2017-11-14 15:20:25.5",7411,110385,61.64,13.05,65,2.266,-147,-24.9646,2,10,0.8,746.4,4.024,0.03776667,-0.4160767,11,14,15,20,25,500000
"2017-11-14 15:20:26",7412,110386,61.92,13.04,65,2.2655,-147,-24.962,2,10,0.8,746.1,4.042,0.03775834,-0.4160333,11,14,15,20,26,0
"2017-11-14 15:20:26.75",7413,110387,65.76,13.04,65,2.2659,-147,-24.9605,2,10,0.8,746.4,4.292,0.037765,-0.4160084,11,14,15,20,26,750000
"2017-11-14 15:20:27.25",7414,110388,65.7,13.05,65,2.2662,-147,-24.9593,2,10,0.8,746.9,4.289,0.03777,-0.4159883,11,14,15,20,27,250000
"2017-11-14 15:20:28",7415,110389,66.26,13.04,65,2.2661,-147,-24.9571,2,10,0.8,747.1,4.325,0.03776833,-0.4159517,11,14,15,20,28,0
"2017-11-14 15:20:28.75",7416,110390,70.48,13.04,65,2.266,-147,-24.9553,2,10,0.9,747.1,4.601,0.03776667,-0.4159216,11,14,15,20,28,750000
"2017-11-14 15:20:29.25",7417,110391,68.37,13.05,65,2.266,-147,-24.9542,2,10,0.8,746.9,4.463,0.03776667,-0.4159034,11,14,15,20,29,250000
"2017-11-14 15:20:29.75",7418,110392,64.53,13.04,65,2.2656,-147,-24.9539,2,10,0.8,747.1,4.212,0.03776,-0.4158983,11,14,15,20,29,750000
"2017-11-14 15:20:30.25",7419,110393,58.81,13.03,65,2.2651,-147,-24.9543,2,10,0.8,746,3.839,0.03775167,-0.415905,11,14,15,20,30,250000
"2017-11-14 15:20:30.75",7420,110394,70.76,13.04,65,2.2643,-147,-24.9547,2,10,0.8,746.4,4.619,0.03773834,-0.4159117,11,14,15,20,30,750000
"2017-11-14 15:20:31.25",7421,110395,60.03,13.04,65,2.2637,-147,-24.9562,2,10,0.8,745.7,3.918,0.03772833,-0.4159366,11,14,15,20,31,250000
"2017-11-14 15:20:31.75",7422,110396,59.97,13.04,65,2.2629,-147,-24.9567,2,10,0.8,745,3.915,0.037715,-0.415945,11,14,15,20,31,750000
"2017-11-14 15:20:32.5",7423,110397,57.97,13.04,65,2.2621,-147,-24.9576,2,10,0.8,744.7,3.784,0.03770167,-0.41596,11,14,15,20,32,500000
"2017-11-14 15:20:33",7424,110398,59.64,13.04,65,2.2614,-147,-24.9583,2,10,0.8,744.7,3.893,0.03769,-0.4159717,11,14,15,20,33,0
"2017-11-14 15:20:33.5",7425,110399,58.86,13.03,65,2.2603,-147,-24.9595,2,10,0.8,744.3,3.842,0.03767167,-0.4159917,11,14,15,20,33,500000
"2017-11-14 15:20:34",7426,110400,78.37,13.04,65,2.2599,-147,-24.9606,2,10,0.8,744.2,5.116,0.037665,-0.41601,11,14,15,20,34,0
"2017-11-14 15:20:34.75",7427,110401,80.2,13.04,65,2.2594,-147,-24.9621,2,10,0.8,743.5,5.232,0.03765666,-0.416035,11,14,15,20,34,750000
"2017-11-14 15:20:35.25",7428,110402,79.93,13.04,65,2.259,-147,-24.963,2,10,0.8,743.9,5.217,0.03765,-0.41605,11,14,15,20,35,250000
"2017-11-14 15:20:35.75",7429,110403,79.71,13.04,65,2.2588,-147,-24.9635,2,10,0.8,743.7,5.203,0.03764667,-0.4160583,11,14,15,20,35,750000
"2017-11-14 15:20:36.5",7430,110404,79.6,13.04,65,2.2585,-147,-24.9636,2,10,0.8,743,5.196,0.03764167,-0.41606,11,14,15,20,36,500000
"2017-11-14 15:20:37.25",7431,110405,76.26,13.03,65,2.2578,-147,-24.9642,2,10,0.8,742.9,4.978,0.03763,-0.41607,11,14,15,20,37,250000
"2017-11-14 15:20:38",7432,110406,70.48,13.03,65,2.2576,-147,-24.9659,2,10,0.8,742.3,4.601,0.03762667,-0.4160983,11,14,15,20,38,0
"2017-11-14 15:20:38.5",7433,110407,72.81,13.02,65,2.2572,-147,-24.9682,2,10,0.8,742.8,4.753,0.03762,-0.4161367,11,14,15,20,38,500000
"2017-11-14 15:20:39.25",7434,110408,67.59,13.04,65,2.2566,-147,-24.9701,2,10,0.8,743.1,4.412,0.03761,-0.4161683,11,14,15,20,39,250000
"2017-11-14 15:20:40",7435,110409,48.47,13.04,65,2.2569,-147,-24.9728,2,10,0.8,742.7,3.164,0.037615,-0.4162133,11,14,15,20,40,0
"2017-11-14 15:20:40.5",7436,110410,45.91,13.04,65,2.257,-147,-24.9745,2,10,0.8,742.6,2.997,0.03761667,-0.4162417,11,14,15,20,40,500000
"2017-11-14 15:20:41.25",7437,110411,36.91,13.03,65,2.2576,-147,-24.975,2,10,0.8,743.3,2.409,0.03762667,-0.41625,11,14,15,20,41,250000
"2017-11-14 15:20:41.75",7438,110412,43.74,13.04,65,2.2579,-147,-24.9763,2,10,0.8,743.3,2.855,0.03763167,-0.4162716,11,14,15,20,41,750000
"2017-11-14 15:20:42.5",7439,110413,38.8,13.04,65,2.2586,-147,-24.9773,2,10,0.8,743.4,2.532,0.03764333,-0.4162884,11,14,15,20,42,500000
"2017-11-14 15:20:43",7440,110414,70.04,13.04,65,2.2606,-147,-24.9775,2,10,0.8,743.8,4.571,0.03767667,-0.4162917,11,14,15,20,43,0
"2017-11-14 15:20:43.5",7441,110415,26.51,13.02,65,2.2608,-147,-24.9773,2,10,0.8,743.5,1.731,0.03768,-0.4162884,11,14,15,20,43,500000
"2017-11-14 15:20:44.25",7442,110416,39.35,13.03,65,2.2611,-147,-24.9773,2,10,0.8,744,2.569,0.037685,-0.4162884,11,14,15,20,44,250000
"2017-11-14 15:20:45.25",7443,110417,46.08,13.03,65,2.2619,-147,-24.9796,2,10,0.8,744.2,3.008,0.03769833,-0.4163267,11,14,15,20,45,250000
"2017-11-14 15:20:45.75",7444,110418,30.79,13.03,65,2.2621,-147,-24.9816,2,10,0.8,743.8,2.01,0.03770167,-0.41636,11,14,15,20,45,750000
"2017-11-14 15:20:46.75",7445,110419,60.59,13.03,65,2.2624,-147,-24.9826,2,10,0.8,744.5,3.955,0.03770666,-0.4163766,11,14,15,20,46,750000
"2017-11-14 15:20:47.25",7446,110420,35.91,13.03,65,2.263,-147,-24.984,2,10,0.8,744.3,2.344,0.03771667,-0.4164,11,14,15,20,47,250000
"2017-11-14 15:20:47.75",7447,110421,40.8,13.02,65,2.2636,-147,-24.9857,2,10,0.8,744.9,2.663,0.03772667,-0.4164284,11,14,15,20,47,750000
"2017-11-14 15:20:48.5",7448,110422,38.74,13.02,65,2.2644,-147,-24.9864,2,10,0.8,745.4,2.529,0.03774,-0.41644,11,14,15,20,48,500000
"2017-11-14 15:20:49.25",7449,110423,26.79,13.03,65,2.2653,-147,-24.988,2,10,0.8,745.6,1.749,0.037755,-0.4164667,11,14,15,20,49,250000
"2017-11-14 15:20:50",7450,110424,42.58,13.03,65,2.2657,-147,-24.9895,2,10,0.8,745.7,2.779,0.03776167,-0.4164916,11,14,15,20,50,0
"2017-11-14 15:20:50.75",7451,110425,61.14,13.04,65,2.2663,-147,-24.9916,2,10,0.8,747.1,3.991,0.03777166,-0.4165267,11,14,15,20,50,750000
"2017-11-14 15:20:51.75",7452,110426,42.13,13.02,65,2.2669,-147,-24.9933,2,10,0.8,746.9,2.75,0.03778167,-0.416555,11,14,15,20,51,750000
"2017-11-14 15:20:52.5",7453,110427,45.97,13.03,65,2.2678,-147,-24.9934,2,10,0.8,747,3,0.03779667,-0.4165567,11,14,15,20,52,500000
"2017-11-14 15:20:53.25",7454,110428,52.47,13.03,65,2.2679,-147,-24.9935,2,10,0.8,747.3,3.425,0.03779833,-0.4165583,11,14,15,20,53,250000
"2017-11-14 15:20:53.75",7455,110429,70.2,13.03,65,2.2689,-147,-24.9941,2,10,0.8,747.2,4.582,0.037815,-0.4165683,11,14,15,20,53,750000
"2017-11-14 15:20:54.25",7456,110430,71.76,13.02,65,2.2698,-147,-24.9935,2,10,0.8,746.9,4.684,0.03783,-0.4165583,11,14,15,20,54,250000
"2017-11-14 15:20:55",7457,110431,68.59,13.02,65,2.2706,-147,-24.9935,2,10,0.8,747.6,4.477,0.03784334,-0.4165583,11,14,15,20,55,0
"2017-11-14 15:20:55.75",7458,110432,74.98,13.03,65,2.2716,-147,-24.9941,2,10,0.8,747.5,4.894,0.03786,-0.4165683,11,14,15,20,55,750000
"2017-11-14 15:20:56.25",7459,110433,75.04,13.02,65,2.2726,-147,-24.9936,2,10,0.8,747.7,4.898,0.03787666,-0.41656,11,14,15,20,56,250000
"2017-11-14 15:20:56.75",7460,110434,71.26,13.03,65,2.2735,-147,-24.9928,2,10,0.8,748.9,4.651,0.03789167,-0.4165467,11,14,15,20,56,750000
"2017-11-14 15:20:57.25",7461,110435,78.6,13.03,65,2.2733,-147,-24.9909,2,9,0.9,747.5,5.13,0.03788833,-0.416515,11,14,15,20,57,250000
"2017-11-14 15:20:58",7462,110436,73.82,13.03,65,2.2735,-147,-24.9922,2,9,0.9,748,4.818,0.03789167,-0.4165367,11,14,15,20,58,0
"2017-11-14 15:20:58.75",7463,110437,83.7,13.03,65,2.274,-147,-24.9929,2,9,0.9,747.6,5.46,0.0379,-0.4165484,11,14,15,20,58,750000
"2017-11-14 15:20:59.5",7464,110438,72.82,13.02,65,2.2747,-147,-24.9962,2,9,0.9,747.7,4.753,0.03791166,-0.4166034,11,14,15,20,59,500000
"2017-11-14 15:21:00.5",7465,110439,73.26,13.03,65,2.2765,-147,-24.9968,2,9,0.9,747,4.782,0.03794167,-0.4166133,11,14,15,21,0,500000
"2017-11-14 15:21:01.25",7466,110440,65.81,13.02,65,2.2786,-147,-24.9968,2,9,0.9,746.7,4.296,0.03797667,-0.4166133,11,14,15,21,1,250000
"2017-11-14 15:21:02",7467,110441,61.2,13.01,65,2.2957,-147,-25.0163,2,9,0.9,741.9,3.995,0.03826167,-0.4169383,11,14,15,21,2,0
"2017-11-14 15:21:02.75",7468,110442,65.04,13.01,65,2.2963,-147,-25.0162,2,9,0.9,742.9,4.245,0.03827166,-0.4169367,11,14,15,21,2,750000
"2017-11-14 15:21:03.25",7469,110443,74.26,13.01,65,2.2968,-147,-25.0167,2,9,0.9,742.6,4.848,0.03828,-0.416945,11,14,15,21,3,250000
"2017-11-14 15:21:03.75",7470,110444,69.76,13.01,65,2.2977,-147,-25.0165,2,9,0.9,740.9,4.554,0.038295,-0.4169417,11,14,15,21,3,750000
"2017-11-14 15:21:04.5",7471,110445,62.65,13.01,65,2.2993,-147,-25.0168,2,9,0.9,740.5,4.089,0.03832167,-0.4169467,11,14,15,21,4,500000
"2017-11-14 15:21:05.25",7472,110446,63.65,13.02,65,2.3008,-147,-25.0169,2,9,0.9,741.2,4.154,0.03834667,-0.4169483,11,14,15,21,5,250000
"2017-11-14 15:21:05.75",7473,110447,50.47,13.01,65,2.303,-147,-25.0175,2,10,0.9,740.7,3.295,0.03838333,-0.4169583,11,14,15,21,5,750000
"2017-11-14 15:21:06.5",7474,110448,61.03,13,65,2.3039,-147,-25.0167,2,10,0.9,739.8,3.984,0.03839833,-0.416945,11,14,15,21,6,500000
"2017-11-14 15:21:07.25",7475,110449,62.59,13,65,2.3057,-147,-25.0145,2,10,0.8,738.3,4.085,0.03842833,-0.4169083,11,14,15,21,7.000,250000
"2017-11-14 15:21:08",7476,110450,47.47,13.01,65,2.3069,-147,-25.0142,2,10,0.8,738.3,3.099,0.03844833,-0.4169034,11,14,15,21,8,0
"2017-11-14 15:21:08.75",7477,110451,47.58,13.02,65,2.308,-147,-25.0156,2,10,0.8,738.4,3.106,0.03846667,-0.4169267,11,14,15,21,8,750000
"2017-11-14 15:21:09.5",7478,110452,73.48,13,65,2.3085,-147,-25.0157,2,10,0.9,738.2,4.797,0.038475,-0.4169283,11,14,15,21,9,500000
"2017-11-14 15:21:10.25",7479,110453,79.82,13.02,65,2.3096,-147,-25.0167,2,10,0.8,738.4,5.21,0.03849334,-0.416945,11,14,15,21,10,250000
"2017-11-14 15:21:10.75",7480,110454,78.26,13,65,2.3101,-147,-25.0174,2,10,0.8,738.4,5.109,0.03850167,-0.4169567,11,14,15,21,10,750000
"2017-11-14 15:21:11.5",7481,110455,53.7,13.02,65,2.3118,-147,-25.0197,2,10,0.9,738.8,3.505,0.03853,-0.416995,11,14,15,21,11,500000
"2017-11-14 15:21:12",7482,110456,49.25,13,65,2.3121,-147,-25.0192,2,10,0.8,739.1,3.215,0.038535,-0.4169866,11,14,15,21,12,0
"2017-11-14 15:21:13",7483,110457,54.97,13.01,65,2.3132,-147,-25.0202,2,10,0.8,739,3.588,0.03855334,-0.4170033,11,14,15,21,13,0
"2017-11-14 15:21:13.75",7484,110458,59.64,13.02,65,2.3141,-147,-25.0193,2,10,0.9,738.6,3.893,0.03856833,-0.4169884,11,14,15,21,13,750000
"2017-11-14 15:21:14.25",7485,110459,64.87,13.02,65,2.3148,-147,-25.02,2,10,0.9,738.6,4.234,0.03858,-0.417,11,14,15,21,14,250000
"2017-11-14 15:21:14.75",7486,110460,74.04,13.01,65,2.3159,-147,-25.0198,2,10,0.9,738.8,4.833,0.03859834,-0.4169966,11,14,15,21,14,750000
"2017-11-14 15:21:15.5",7487,110461,80.4,13,65,2.3168,-147,-25.022,2,10,0.9,738.4,5.247,0.03861334,-0.4170333,11,14,15,21,15,500000
"2017-11-14 15:21:16.25",7488,110462,80.4,13.01,65,2.3185,-147,-25.0229,2,10,0.9,738.4,5.247,0.03864167,-0.4170483,11,14,15,21,16,250000
"2017-11-14 15:21:17",7489,110463,73.65,13,65,2.319,-147,-25.0239,2,10,0.8,737.6,4.808,0.03865,-0.417065,11,14,15,21,17,0
"2017-11-14 15:21:17.75",7490,110464,66.48,13,65,2.3191,-147,-25.0236,2,10,0.8,737.7,4.339,0.03865166,-0.41706,11,14,15,21,17,750000
"2017-11-14 15:21:18.5",7491,110465,61.87,13.01,65,2.3196,-147,-25.0244,2,10,0.8,738,4.038,0.03866,-0.4170733,11,14,15,21,18,500000
"2017-11-14 15:21:19.5",7492,110466,71.21,12.99,65,2.3316,-147,-25.0311,2,10,0.9,735.3,4.648,0.03886,-0.417185,11,14,15,21,19,500000
"2017-11-14 15:21:20.25",7493,110467,80.9,13.01,65,2.3327,-147,-25.0316,2,10,0.8,736,5.279,0.03887833,-0.4171934,11,14,15,21,20,250000
"2017-11-14 15:21:21",7494,110468,81.7,12.99,65,2.3334,-147,-25.0316,2,10,0.8,735.9,5.334,0.03889,-0.4171934,11,14,15,21,21,0
"2017-11-14 15:21:22",7495,110469,79.16,12.99,65,2.334,-147,-25.0331,2,10,0.8,735.7,5.167,0.0389,-0.4172183,11,14,15,21,22,0
"2017-11-14 15:21:22.75",7496,110470,66.71,13,65,2.335,-147,-25.033,2,10,0.8,735.7,4.354,0.03891667,-0.4172167,11,14,15,21,22,750000
"2017-11-14 15:21:23.5",7497,110471,60.65,13,65,2.3364,-147,-25.0336,2,10,0.8,735.4,3.959,0.03894,-0.4172267,11,14,15,21,23,500000
"2017-11-14 15:21:24",7498,110472,63.48,13.01,65,2.3367,-147,-25.0334,2,10,0.8,734.3,4.144,0.038945,-0.4172233,11,14,15,21,24,0
"2017-11-14 15:21:24.75",7499,110473,64.04,13.01,65,2.3379,-147,-25.0334,2,10,0.8,734.1,4.18,0.038965,-0.4172233,11,14,15,21,24,750000
"2017-11-14 15:21:25.25",7500,110474,72.88,13,65,2.3385,-147,-25.0345,2,10,0.8,735,4.757,0.038975,-0.4172417,11,14,15,21,25,250000
"2017-11-14 15:21:26",7501,110475,72.71,13,65,2.3398,-147,-25.0353,2,10,0.8,734.8,4.746,0.03899666,-0.417255,11,14,15,21,26,0
"2017-11-14 15:21:26.75",7502,110476,69.93,13.01,65,2.3404,-147,-25.0355,2,10,0.8,734.7,4.565,0.03900666,-0.4172583,11,14,15,21,26,750000
"2017-11-14 15:21:27.5",7503,110477,67.88,12.99,65,2.3412,-147,-25.0348,2,10,0.8,735.4,4.431,0.03902,-0.4172467,11,14,15,21,27,500000
"2017-11-14 15:21:28",7504,110478,56.92,13,65,2.342,-147,-25.0347,2,10,0.9,735.1,3.716,0.03903334,-0.417245,11,14,15,21,28,0
"2017-11-14 15:21:28.75",7505,110479,61.54,13,65,2.3431,-147,-25.0343,2,10,0.9,735.2,4.017,0.03905167,-0.4172383,11,14,15,21,28,750000
"2017-11-14 15:21:29.25",7506,110480,54.59,13,65,2.3436,-147,-25.0348,2,10,0.8,735,3.563,0.03906,-0.4172467,11,14,15,21,29,250000
"2017-11-14 15:21:30",7507,110481,50.7,12.99,65,2.3443,-147,-25.0355,2,10,0.8,734.5,3.309,0.03907167,-0.4172583,11,14,15,21,30,0
"2017-11-14 15:21:30.75",7508,110482,37.08,12.99,65,2.3467,-147,-25.0348,2,10,0.8,733.4,2.42,0.03911167,-0.4172467,11,14,15,21,30,750000
"2017-11-14 15:21:31.25",7509,110483,45.2,13,65,2.3473,-147,-25.0346,2,10,0.8,733.3,2.95,0.03912167,-0.4172433,11,14,15,21,31,250000
"2017-11-14 15:21:32",7510,110484,48.59,12.99,65,2.3482,-147,-25.0343,2,10,0.8,733.6,3.171,0.03913667,-0.4172383,11,14,15,21,32,0
"2017-11-14 15:21:32.75",7511,110485,63.71,13,65,2.3488,-147,-25.0342,2,10,0.8,733.6,4.158,0.03914666,-0.4172367,11,14,15,21,32,750000
"2017-11-14 15:21:33.75",7512,110486,80.5,12.99,65,2.3499,-147,-25.0351,2,10,0.8,732.8,5.254,0.039165,-0.4172517,11,14,15,21,33,750000
"2017-11-14 15:21:34.25",7513,110487,55.26,13,65,2.3508,-147,-25.034,2,10,0.8,732.8,3.607,0.03918,-0.4172334,11,14,15,21,34,250000
"2017-11-14 15:21:35",7514,110488,58.31,13,65,2.3525,-147,-25.0333,2,10,0.9,732.3,3.806,0.03920833,-0.4172217,11,14,15,21,35,0
"2017-11-14 15:21:35.75",7515,110489,71.77,12.99,65,2.3542,-147,-25.0319,2,10,0.8,732.3,4.685,0.03923666,-0.4171983,11,14,15,21,35,750000
"2017-11-14 15:21:36.25",7516,110490,70.32,12.99,65,2.355,-147,-25.0317,2,10,0.9,731.8,4.59,0.03925,-0.417195,11,14,15,21,36,250000
"2017-11-14 15:21:37.25",7517,110491,68.65,12.99,65,2.3556,-147,-25.0325,2,10,0.8,731.8,4.481,0.03926,-0.4172083,11,14,15,21,37,250000
"2017-11-14 15:21:38.25",7518,110492,71.6,12.98,65,2.3561,-147,-25.0307,2,10,0.8,731.1,4.674,0.03926833,-0.4171783,11,14,15,21,38,250000
"2017-11-14 15:21:38.75",7519,110493,67.71,12.98,65,2.3572,-147,-25.0306,2,10,0.8,731.2,4.42,0.03928666,-0.4171767,11,14,15,21,38,750000
"2017-11-14 15:21:39.25",7520,110494,65.76,12.98,65,2.3585,-147,-25.0306,2,10,0.8,731.6,4.293,0.03930833,-0.4171767,11,14,15,21,39,250000
"2017-11-14 15:21:40.25",7521,110495,54.81,13,65,2.3595,-147,-25.0303,2,10,0.8,732,3.578,0.039325,-0.4171716,11,14,15,21,40,250000
"2017-11-14 15:21:41",7522,110496,75.33,12.98,65,2.3612,-147,-25.0292,2,10,0.9,731,4.917,0.03935333,-0.4171533,11,14,15,21,41,0
"2017-11-14 15:21:42",7523,110497,57.26,12.99,65,2.3621,-147,-25.0286,2,10,0.8,730.5,3.738,0.03936833,-0.4171434,11,14,15,21,42,0
"2017-11-14 15:21:42.75",7524,110498,72.44,13,65,2.3636,-147,-25.0294,2,10,0.9,730.9,4.728,0.03939333,-0.4171567,11,14,15,21,42,750000
"2017-11-14 15:21:43.5",7525,110499,62.6,12.99,65,2.3648,-147,-25.0305,2,10,0.8,730.4,4.086,0.03941333,-0.417175,11,14,15,21,43,500000
"2017-11-14 15:21:44",7526,110500,76.1,12.98,65,2.3662,-147,-25.0321,2,10,0.9,731.2,4.968,0.03943666,-0.4172017,11,14,15,21,44,0
"2017-11-14 15:21:44.5",7527,110501,83.8,12.98,65,2.3672,-147,-25.031,2,10,0.9,731.2,5.468,0.03945333,-0.4171833,11,14,15,21,44,500000
"2017-11-14 15:21:45",7528,110502,59.04,12.99,65,2.3682,-147,-25.0315,2,10,0.8,730.8,3.854,0.03947,-0.4171916,11,14,15,21,45,0
"2017-11-14 15:21:46",7529,110503,66.54,12.99,65,2.3697,-147,-25.0307,2,10,0.8,729.6,4.344,0.039495,-0.4171783,11,14,15,21,46,0
"2017-11-14 15:21:46.75",7530,110504,79.94,13,65,2.3705,-147,-25.0311,2,10,0.9,729.7,5.218,0.03950834,-0.417185,11,14,15,21,46,750000
"2017-11-14 15:21:47.5",7531,110505,79.22,12.98,65,2.3718,-147,-25.031,2,10,0.9,730.1,5.171,0.03953,-0.4171833,11,14,15,21,47,500000
"2017-11-14 15:21:48",7532,110506,60.48,12.98,65,2.3723,-147,-25.0314,2,10,0.8,730.3,3.948,0.03953833,-0.41719,11,14,15,21,48,0
"2017-11-14 15:21:48.5",7533,110507,63.65,12.99,65,2.3744,-147,-25.0318,2,10,0.8,730.3,4.155,0.03957333,-0.4171967,11,14,15,21,48,500000
"2017-11-14 15:21:49.25",7534,110508,61.48,12.97,65,2.3754,-147,-25.0333,2,10,0.8,729.8,4.013,0.03959,-0.4172217,11,14,15,21,49,250000
"2017-11-14 15:21:50",7535,110509,61.48,12.99,65,2.3759,-147,-25.0315,2,10,0.9,729.2,4.013,0.03959834,-0.4171916,11,14,15,21,50,0
"2017-11-14 15:21:50.5",7536,110510,60.48,12.97,65,2.3774,-147,-25.0321,2,10,0.8,728.6,3.948,0.03962333,-0.4172017,11,14,15,21,50,500000
"2017-11-14 15:21:51",7537,110511,65.43,12.99,65,2.3787,-147,-25.0307,2,10,0.8,727.8,4.271,0.039645,-0.4171783,11,14,15,21,51,0
"2017-11-14 15:21:51.75",7538,110512,62.26,12.98,65,2.3792,-147,-25.0307,2,10,0.9,726.9,4.064,0.03965334,-0.4171783,11,14,15,21,51,750000
"2017-11-14 15:21:52.5",7539,110513,66.27,12.98,65,2.3805,-147,-25.0308,2,10,0.9,727.1,4.325,0.039675,-0.41718,11,14,15,21,52,500000
"2017-11-14 15:21:53",7540,110514,76.49,12.99,65,2.3815,-147,-25.0294,2,10,0.9,726.4,4.993,0.03969167,-0.4171567,11,14,15,21,53,0
"2017-11-14 15:21:53.5",7541,110515,75.61,12.99,65,2.3847,-147,-25.0298,2,10,0.8,727.1,4.935,0.039745,-0.4171634,11,14,15,21,53,500000
"2017-11-14 15:21:54.25",7542,110516,60.43,12.98,65,2.3848,-147,-25.0304,2,10,0.8,727.8,3.944,0.03974666,-0.4171733,11,14,15,21,54,250000
"2017-11-14 15:21:55",7543,110517,82.1,12.97,65,2.3861,-147,-25.0291,2,10,0.8,727.1,5.356,0.03976834,-0.4171516,11,14,15,21,55,0
"2017-11-14 15:21:55.75",7544,110518,77.33,12.97,65,2.3868,-147,-25.0292,2,10,0.8,726.9,5.048,0.03978,-0.4171533,11,14,15,21,55,750000
"2017-11-14 15:21:56.5",7545,110519,73.94,12.98,65,2.3876,-147,-25.0298,2,10,0.8,726.4,4.826,0.03979333,-0.4171634,11,14,15,21,56,500000
"2017-11-14 15:21:57.25",7546,110520,75.88,12.98,65,2.3878,-147,-25.0286,2,10,0.8,726.1,4.953,0.03979666,-0.4171434,11,14,15,21,57,250000
"2017-11-14 15:21:58",7547,110521,61.43,12.98,65,2.3884,-147,-25.029,2,10,0.9,726.9,4.01,0.03980667,-0.41715,11,14,15,21,58,0
"2017-11-14 15:21:58.75",7548,110522,41.36,12.98,65,2.3897,-147,-25.03,2,10,0.8,727.4,2.7,0.03982834,-0.4171667,11,14,15,21,58,750000
"2017-11-14 15:21:59.5",7549,110523,54.59,12.98,65,2.3912,-147,-25.0305,2,10,0.9,727.4,3.563,0.03985334,-0.417175,11,14,15,21,59,500000
"2017-11-14 15:22:00",7550,110524,50.81,12.99,65,2.3924,-147,-25.0316,2,10,0.8,727.2,3.317,0.03987334,-0.4171934,11,14,15,22,0,0
"2017-11-14 15:22:00.5",7551,110525,69.66,12.97,65,2.3946,-147,-25.0319,2,10,0.8,726.8,4.547,0.03991,-0.4171983,11,14,15,22,0,500000
"2017-11-14 15:22:01.25",7552,110526,62.6,12.97,65,2.3957,-147,-25.0307,2,10,0.8,726.3,4.086,0.03992833,-0.4171783,11,14,15,22,1,250000
"2017-11-14 15:22:02",7553,110527,75.27,12.97,65,2.3976,-147,-25.0314,2,10,0.9,726.6,4.913,0.03996,-0.41719,11,14,15,22,2,0
"2017-11-14 15:22:02.75",7554,110528,50.37,12.98,65,2.3999,-147,-25.0299,2,10,0.8,725.9,3.288,0.03999833,-0.417165,11,14,15,22,2,750000
"2017-11-14 15:22:03.25",7555,110529,64.82,12.98,65,2.4003,-147,-25.0291,2,10,0.8,725.9,4.231,0.040005,-0.4171516,11,14,15,22,3,250000
"2017-11-14 15:22:03.75",7556,110530,47.25,12.98,65,2.4018,-147,-25.0298,2,10,0.8,724.9,3.084,0.04003,-0.4171634,11,14,15,22,3,750000
"2017-11-14 15:22:04.5",7557,110531,52.98,12.97,65,2.4028,-147,-25.0299,2,10,0.8,724.8,3.458,0.04004667,-0.417165,11,14,15,22,4,500000
"2017-11-14 15:22:05.25",7558,110532,56.98,12.97,65,2.4039,-147,-25.0302,2,10,0.9,724.5,3.719,0.040065,-0.41717,11,14,15,22,5,250000
"2017-11-14 15:22:06",7559,110533,54.26,12.97,65,2.4044,-147,-25.0304,2,10,0.8,724.1,3.542,0.04007334,-0.4171733,11,14,15,22,6,0
"2017-11-14 15:22:06.5",7560,110534,45.59,12.97,65,2.4058,-147,-25.0317,2,10,0.9,724.3,2.976,0.04009667,-0.417195,11,14,15,22,6,500000
"2017-11-14 15:22:07.25",7561,110535,45.42,12.98,65,2.4073,-147,-25.0317,2,10,0.8,724.8,2.965,0.04012167,-0.417195,11,14,15,22,7.000,250000
"2017-11-14 15:22:08",7562,110536,44.03,12.97,65,2.4079,-147,-25.0324,2,10,0.8,724.4,2.874,0.04013167,-0.4172067,11,14,15,22,8,0
"2017-11-14 15:22:08.75",7563,110537,47.31,12.96,65,2.4081,-147,-25.0323,2,10,0.8,725,3.088,0.040135,-0.417205,11,14,15,22,8,750000
"2017-11-14 15:22:09.25",7564,110538,54.37,12.98,65,2.4102,-147,-25.0323,2,10,0.9,725.4,3.549,0.04017,-0.417205,11,14,15,22,9,250000
"2017-11-14 15:22:10",7565,110539,59.32,12.97,65,2.4118,-147,-25.0319,2,10,0.9,725.5,3.872,0.04019666,-0.4171983,11,14,15,22,10,0
