"TOA5","29037","CR800","29037","CR800.Std.27","CPU:Geophys2_GPSProbe.CR8","60528","OperatorView"
"TIMESTAMP","RECORD","Counter","DepthCm","BattVolts","latitude_a","latitude_b","Longitude_a","Longitude_b","fix_quality","nmbr_satellites","HDOP","altitudeB","DepthVolts","LatitudeDDDDD","LongitudeDDDDD","month","dayofmonth","hourofday","minutes","seconds","microseconds"
"TS","RN","","","","degrees","minutes","degrees","minutes","unitless","","","","","","","","","","","",""
"","","Smp","Smp","Smp","Smp","Smp","Smp","Smp","Smp","Smp","Smp","Smp","Smp","Smp","Smp","Smp","Smp","Smp","Smp","Smp","Smp"
"2017-11-14 11:27:00.75",5721,100001,7.283,13.75,65,2.4724,-147,-25.0191,1,5,1.7,723.9,0.48,0.04120666,-0.416985,11,14,11,27,0,750000
"2017-11-14 15:14:14.75",5722,100002,7.732,13.78,65,2.4724,-147,-25.0163,1,5,1.7,723.1,0.51,0.04120666,-0.4169383,11,14,15,14,14,750000
"2017-11-14 15:14:15",5723,100003,4.138,13.75,65,2.4721,-147,-25.0147,1,9,0.9,729.4,0.28,0.04120166,-0.4169117,11,14,15,14,15,0
"2017-11-14 15:14:15.25",5724,999001,-0.19,13.75,65,2.4704,-147,-25.0147,1,11,0.8,729,-0.00,0.04117334,-0.4169117,11,14,15,14,15,250000
"2017-11-14 15:14:15.75",5725,999002,-0.13,13.74,65,2.4704,-147,-25.0147,2,11,0.8,728.9,0,0.04117334,-0.4169117,11,14,15,14,15,750000
"2017-11-14 15:14:16.25",5726,999003,119.9,13.74,65,2.4704,-147,-25.0146,2,11,0.8,728.8,7.737,0.04117334,-0.41691,11,14,15,14,16,250000
"2017-11-14 15:14:17",5727,999004,119.9,13.74,65,2.4703,-147,-25.0146,2,11,0.8,728.9,7.737,0.04117167,-0.41691,11,14,15,14,17,0
"2017-11-14 15:14:17.5",5728,999005,-0.13,13.74,65,2.4701,-147,-25.0148,2,11,0.8,728.1,0,0.04116833,-0.4169133,11,14,15,14,17,500000
"2017-11-14 15:14:18.25",5729,999006,119.9,13.73,65,2.4702,-147,-25.0153,2,11,0.8,727.9,7.737,0.04117,-0.4169217,11,14,15,14,18,250000
"2017-11-14 15:14:19",5730,999007,-0.13,13.73,65,2.4701,-147,-25.0153,2,11,0.8,728,0,0.04116833,-0.4169217,11,14,15,14,19,0
"2017-11-14 15:14:19.75",5731,999008,119.9,13.74,65,2.4702,-147,-25.0152,2,11,0.8,728,7.737,0.04117,-0.41692,11,14,15,14,19,750000
"2017-11-14 15:14:20.5",5732,999009,-0.19,13.73,65,2.4702,-147,-25.0149,2,11,0.8,728,-0.00,0.04117,-0.416915,11,14,15,14,20,500000
"2017-11-14 15:14:21.5",5733,999010,120,13.73,65,2.4703,-147,-25.015,2,11,0.8,728.1,7.737,0.04117167,-0.4169167,11,14,15,14,21,500000
"2017-11-14 15:24:38.25",5734,100001,-0.13,13.73,65,2.4348,-147,-25.0328,2,11,0.8,727.3,0,0.04058,-0.4172134,11,14,15,24,38,250000
"2017-11-14 15:24:38.5",5735,100002,78.92,13.62,65,2.4176,-147,-25.077,2,11,0.8,717.6,5.093,0.04029333,-0.41795,11,14,15,24,38,500000
"2017-11-14 15:24:39",5736,100003,76.84,13.61,65,2.4177,-147,-25.0769,2,11,0.8,717.7,4.96,0.040295,-0.4179483,11,14,15,24,39,0
"2017-11-14 15:24:39.5",5737,100004,77.35,13.56,65,2.418,-147,-25.0769,2,11,0.8,718.8,4.992,0.0403,-0.4179483,11,14,15,24,39,500000
"2017-11-14 15:24:40.25",5738,100005,72.80,13.56,65,2.4179,-147,-25.0758,2,11,0.8,718.3,4.699,0.04029834,-0.41793,11,14,15,24,40,250000
"2017-11-14 15:24:40.75",5739,100006,72.41,13.55,65,2.4175,-147,-25.0739,2,11,0.8,718,4.674,0.04029167,-0.4178983,11,14,15,24,40,750000
"2017-11-14 15:24:41.25",5740,100007,68.03,13.55,65,2.4175,-147,-25.0727,2,10,0.8,718.5,4.392,0.04029167,-0.4178783,11,14,15,24,41,250000
"2017-11-14 15:24:41.75",5741,100008,66.79,13.56,65,2.4177,-147,-25.0728,2,11,0.8,718.6,4.312,0.040295,-0.41788,11,14,15,24,41,750000
"2017-11-14 15:24:42.25",5742,100009,78.14,13.56,65,2.4169,-147,-25.0699,2,11,0.8,719,5.043,0.04028166,-0.4178317,11,14,15,24,42,250000
"2017-11-14 15:24:42.75",5743,100010,74.88,13.56,65,2.4164,-147,-25.0691,2,11,0.8,718.2,4.833,0.04027333,-0.4178183,11,14,15,24,42,750000
"2017-11-14 15:24:43.25",5744,100011,75.11,13.55,65,2.4165,-147,-25.0677,2,11,0.8,719,4.848,0.040275,-0.417795,11,14,15,24,43,250000
"2017-11-14 15:24:43.75",5745,100012,77.47,13.54,65,2.4165,-147,-25.0677,2,11,0.8,719.6,5,0.040275,-0.417795,11,14,15,24,43,750000
"2017-11-14 15:24:44.25",5746,100013,95.7,13.55,65,2.4162,-147,-25.066,2,11,0.8,719.5,6.173,0.04027,-0.4177667,11,14,15,24,44,250000
"2017-11-14 15:24:44.75",5747,100014,79.77,13.54,65,2.4157,-147,-25.0655,2,11,0.8,719.5,5.149,0.04026167,-0.4177584,11,14,15,24,44,750000
"2017-11-14 15:24:45.25",5748,100015,76.01,13.55,65,2.415,-147,-25.0638,2,11,0.8,719.8,4.906,0.04025,-0.41773,11,14,15,24,45,250000
"2017-11-14 15:24:45.75",5749,100016,59.15,13.54,65,2.4147,-147,-25.0618,2,11,0.8,719.8,3.82,0.040245,-0.4176966,11,14,15,24,45,750000
"2017-11-14 15:24:46.25",5750,100017,56.62,13.55,65,2.4141,-147,-25.0607,2,11,0.8,720,3.657,0.040235,-0.4176783,11,14,15,24,46,250000
"2017-11-14 15:24:46.75",5751,100018,61.46,13.55,65,2.4146,-147,-25.0612,2,11,0.8,719.3,3.968,0.04024333,-0.4176866,11,14,15,24,46,750000
"2017-11-14 15:24:47.25",5752,100019,52.07,13.54,65,2.414,-147,-25.0592,2,11,0.8,719.1,3.364,0.04023333,-0.4176534,11,14,15,24,47,250000
"2017-11-14 15:24:47.75",5753,100020,74.16,13.54,65,2.4145,-147,-25.059,2,11,0.8,720.5,4.786,0.04024167,-0.41765,11,14,15,24,47,750000
"2017-11-14 15:24:48.25",5754,100021,82.8,13.54,65,2.4141,-147,-25.0563,2,11,0.8,720.2,5.341,0.040235,-0.417605,11,14,15,24,48,250000
"2017-11-14 15:24:48.75",5755,100022,76.07,13.54,65,2.4146,-147,-25.0557,2,11,0.8,721,4.91,0.04024333,-0.417595,11,14,15,24,48,750000
"2017-11-14 15:24:49.25",5756,100023,58.42,13.54,65,2.4143,-147,-25.0545,2,11,0.8,721.1,3.773,0.04023833,-0.417575,11,14,15,24,49,250000
"2017-11-14 15:24:49.75",5757,100024,56.06,13.53,65,2.4138,-147,-25.0534,2,11,0.8,721.5,3.621,0.04023,-0.4175567,11,14,15,24,49,750000
"2017-11-14 15:24:50.25",5758,100025,60.73,13.54,65,2.4136,-147,-25.0521,2,11,0.8,721.4,3.921,0.04022666,-0.417535,11,14,15,24,50,250000
"2017-11-14 15:24:50.75",5759,100026,67.81,13.54,65,2.4135,-147,-25.0507,2,11,0.8,721.6,4.377,0.040225,-0.4175116,11,14,15,24,50,750000
"2017-11-14 15:24:51.25",5760,100027,46.17,13.53,65,2.4134,-147,-25.0484,2,11,0.8,721.2,2.983,0.04022333,-0.4174734,11,14,15,24,51,250000
"2017-11-14 15:24:51.75",5761,100028,39.54,13.53,65,2.4133,-147,-25.0486,2,11,0.8,721.9,2.556,0.04022167,-0.4174766,11,14,15,24,51,750000
"2017-11-14 15:24:52.25",5762,100029,45.16,13.53,65,2.4131,-147,-25.0472,2,11,0.8,721.7,2.918,0.04021834,-0.4174533,11,14,15,24,52,250000
"2017-11-14 15:24:52.75",5763,100030,67.41,13.54,65,2.413,-147,-25.0449,2,11,0.8,721.8,4.352,0.04021667,-0.417415,11,14,15,24,52,750000
"2017-11-14 15:24:53.25",5764,100031,63.82,13.53,65,2.4132,-147,-25.0442,2,11,0.8,721.8,4.12,0.04022,-0.4174034,11,14,15,24,53,250000
"2017-11-14 15:24:53.75",5765,100032,64.94,13.53,65,2.413,-147,-25.0434,2,11,0.8,721.9,4.193,0.04021667,-0.41739,11,14,15,24,53,750000
"2017-11-14 15:24:54.25",5766,100033,70.34,13.53,65,2.4135,-147,-25.0418,2,10,0.9,721.3,4.54,0.040225,-0.4173633,11,14,15,24,54,250000
"2017-11-14 15:24:54.75",5767,100034,74.83,13.53,65,2.4134,-147,-25.0406,2,11,0.8,721.3,4.83,0.04022333,-0.4173433,11,14,15,24,54,750000
"2017-11-14 15:24:55.25",5768,100035,75.84,13.53,65,2.4133,-147,-25.0406,2,11,0.8,721.8,4.895,0.04022167,-0.4173433,11,14,15,24,55,250000
"2017-11-14 15:24:55.75",5769,100036,75.84,13.52,65,2.4128,-147,-25.0378,2,11,0.8,721.7,4.895,0.04021334,-0.4172967,11,14,15,24,55,750000
"2017-11-14 15:24:56.25",5770,100037,71.85,13.52,65,2.4126,-147,-25.0372,2,11,0.8,721.2,4.638,0.04021,-0.4172867,11,14,15,24,56,250000
"2017-11-14 15:24:56.75",5771,100038,71.24,13.52,65,2.4127,-147,-25.0351,2,11,0.8,721.5,4.598,0.04021167,-0.4172517,11,14,15,24,56,750000
"2017-11-14 15:24:57.25",5772,100039,69.21,13.52,65,2.4127,-147,-25.0347,2,11,0.8,721.4,4.468,0.04021167,-0.417245,11,14,15,24,57,250000
"2017-11-14 15:24:57.75",5773,100040,21.45,13.52,65,2.4133,-147,-25.0344,2,11,0.8,721.1,1.39,0.04022167,-0.41724,11,14,15,24,57,750000
"2017-11-14 15:24:58.25",5774,100041,46.12,13.52,65,2.4131,-147,-25.0338,2,11,0.8,720.6,2.98,0.04021834,-0.41723,11,14,15,24,58,250000
"2017-11-14 15:24:59",5775,100042,42.35,13.47,65,2.4131,-147,-25.0337,2,11,0.8,725.4,2.737,0.04021834,-0.4172284,11,14,15,24,59,0
"2017-11-14 15:24:59.5",5776,100043,47.52,13.48,65,2.4131,-147,-25.0335,2,11,0.8,725.4,3.071,0.04021834,-0.417225,11,14,15,24,59,500000
"2017-11-14 15:25:00.25",5777,100044,52.3,13.47,65,2.4131,-147,-25.0334,2,10,0.9,725.4,3.378,0.04021834,-0.4172233,11,14,15,25,0,250000
"2017-11-14 15:25:01",5778,100045,61.91,13.47,65,2.413,-147,-25.0329,2,11,0.7,725.5,3.998,0.04021667,-0.417215,11,14,15,25,1,0
"2017-11-14 15:25:01.5",5779,100046,65.12,13.47,65,2.413,-147,-25.0325,2,11,0.8,725.5,4.204,0.04021667,-0.4172083,11,14,15,25,1,500000
"2017-11-14 15:25:02.25",5780,100047,62.76,13.46,65,2.413,-147,-25.0319,2,11,0.7,725.6,4.052,0.04021667,-0.4171983,11,14,15,25,2,250000
"2017-11-14 15:25:03",5781,100048,77.2,13.47,65,2.4128,-147,-25.029,2,11,0.8,725.9,4.983,0.04021334,-0.41715,11,14,15,25,3,0
"2017-11-14 15:25:03.75",5782,100049,79.45,13.46,65,2.4129,-147,-25.0287,2,11,0.7,725.9,5.127,0.040215,-0.417145,11,14,15,25,3,750000
"2017-11-14 15:25:04.5",5783,100050,79.11,13.46,65,2.413,-147,-25.0261,2,11,0.7,726.2,5.106,0.04021667,-0.4171017,11,14,15,25,4,500000
"2017-11-14 15:25:05",5784,100051,76.08,13.47,65,2.4131,-147,-25.0252,2,11,0.7,726.1,4.91,0.04021834,-0.4170867,11,14,15,25,5,0
"2017-11-14 15:25:05.5",5785,100052,78.04,13.45,65,2.413,-147,-25.0232,2,11,0.7,726.7,5.037,0.04021667,-0.4170533,11,14,15,25,5,500000
"2017-11-14 15:25:06",5786,100053,73.27,13.46,65,2.4129,-147,-25.0212,2,11,0.7,727.4,4.729,0.040215,-0.41702,11,14,15,25,6,0
"2017-11-14 15:25:06.5",5787,100054,73.44,13.46,65,2.4128,-147,-25.0176,2,11,0.7,726.9,4.74,0.04021334,-0.41696,11,14,15,25,6,500000
"2017-11-14 15:25:07",5788,100055,78.89,13.45,65,2.4125,-147,-25.0165,2,11,0.8,726.2,5.091,0.04020833,-0.4169417,11,14,15,25,7.000,0
"2017-11-14 15:25:07.75",5789,100056,80.9,13.45,65,2.4126,-147,-25.0143,2,11,0.8,726.1,5.222,0.04021,-0.416905,11,14,15,25,7.000,750000
"2017-11-14 15:25:08.5",5790,100057,68.6,13.46,65,2.4125,-147,-25.0138,2,11,0.7,725.9,4.429,0.04020833,-0.4168967,11,14,15,25,8,500000
"2017-11-14 15:25:09.25",5791,100058,66.86,13.46,65,2.4128,-147,-25.0135,2,11,0.7,726.7,4.317,0.04021334,-0.4168917,11,14,15,25,9,250000
"2017-11-14 15:25:10",5792,100059,49.16,13.45,65,2.4134,-147,-25.0132,2,11,0.7,727.3,3.176,0.04022333,-0.4168867,11,14,15,25,10,0
"2017-11-14 15:25:10.5",5793,100060,46.69,13.45,65,2.4132,-147,-25.0122,2,10,0.8,727.3,3.017,0.04022,-0.41687,11,14,15,25,10,500000
"2017-11-14 15:25:11",5794,100061,54.5,13.45,65,2.4133,-147,-25.0112,2,11,0.7,727.4,3.52,0.04022167,-0.4168533,11,14,15,25,11,0
"2017-11-14 15:25:11.5",5795,100062,63.04,13.44,65,2.4133,-147,-25.009,2,11,0.7,727.7,4.07,0.04022167,-0.4168167,11,14,15,25,11,500000
"2017-11-14 15:25:12",5796,100063,73.61,13.44,65,2.4134,-147,-25.008,2,11,0.7,727.7,4.751,0.04022333,-0.4168,11,14,15,25,12,0
"2017-11-14 15:25:12.75",5797,100064,76.53,13.44,65,2.4132,-147,-25.0069,2,11,0.7,727.5,4.939,0.04022,-0.4167817,11,14,15,25,12,750000
"2017-11-14 15:25:13.25",5798,100065,69.45,13.44,65,2.4134,-147,-25.0059,2,11,0.7,726.8,4.483,0.04022333,-0.416765,11,14,15,25,13,250000
"2017-11-14 15:25:13.75",5799,100066,71.81,13.45,65,2.4137,-147,-25.006,2,11,0.7,726.5,4.635,0.04022833,-0.4167667,11,14,15,25,13,750000
"2017-11-14 15:25:14.5",5800,100067,52.36,13.44,65,2.4137,-147,-25.0054,2,11,0.7,725.8,3.382,0.04022833,-0.4167566,11,14,15,25,14,500000
"2017-11-14 15:25:15",5801,100068,71.14,13.44,65,2.4137,-147,-25.0041,2,11,0.7,726.3,4.592,0.04022833,-0.416735,11,14,15,25,15,0
"2017-11-14 15:25:15.5",5802,100069,79.68,13.44,65,2.4134,-147,-25.0019,2,11,0.7,725.3,5.142,0.04022333,-0.4166983,11,14,15,25,15,500000
"2017-11-14 15:25:16",5803,100070,81.7,13.44,65,2.4137,-147,-24.9996,2,11,0.7,726,5.273,0.04022833,-0.41666,11,14,15,25,16,0
"2017-11-14 15:25:16.75",5804,100071,88.8,13.43,65,2.4134,-147,-24.9989,2,11,0.7,726.1,5.729,0.04022333,-0.4166483,11,14,15,25,16,750000
"2017-11-14 15:25:17.25",5805,100072,70.01,13.44,65,2.4138,-147,-24.9969,2,11,0.7,726.3,4.519,0.04023,-0.416615,11,14,15,25,17,250000
"2017-11-14 15:25:17.75",5806,100073,92.6,13.44,65,2.4139,-147,-24.9939,2,11,0.7,725.8,5.975,0.04023166,-0.416565,11,14,15,25,17,750000
"2017-11-14 15:25:18.25",5807,100074,87.8,13.44,65,2.4133,-147,-24.9936,2,11,0.7,727.5,5.667,0.04022167,-0.41656,11,14,15,25,18,250000
"2017-11-14 15:25:18.75",5808,100075,92.7,13.44,65,2.4132,-147,-24.9933,2,11,0.7,727.5,5.982,0.04022,-0.416555,11,14,15,25,18,750000
"2017-11-14 15:25:19.25",5809,100076,77.77,13.43,65,2.4141,-147,-24.9909,2,11,0.7,726.7,5.019,0.040235,-0.416515,11,14,15,25,19,250000
"2017-11-14 15:25:19.75",5810,100077,73.16,13.42,65,2.4145,-147,-24.9893,2,11,0.7,727.4,4.722,0.04024167,-0.4164883,11,14,15,25,19,750000
"2017-11-14 15:25:20.25",5811,100078,73.72,13.44,65,2.4144,-147,-24.9888,2,11,0.7,726.6,4.758,0.04024,-0.41648,11,14,15,25,20,250000
"2017-11-14 15:25:21",5812,100079,82.2,13.43,65,2.415,-147,-24.987,2,11,0.7,727.4,5.302,0.04025,-0.41645,11,14,15,25,21,0
"2017-11-14 15:25:21.5",5813,100080,91.5,13.41,65,2.4146,-147,-24.9855,2,11,0.7,727,5.906,0.04024333,-0.416425,11,14,15,25,21,500000
"2017-11-14 15:25:22.25",5814,100081,84.1,13.43,65,2.4145,-147,-24.9848,2,11,0.7,727,5.425,0.04024167,-0.4164133,11,14,15,25,22,250000
"2017-11-14 15:25:22.75",5815,100082,74.4,13.42,65,2.4142,-147,-24.984,2,11,0.7,726.7,4.802,0.04023667,-0.4164,11,14,15,25,22,750000
"2017-11-14 15:25:23.25",5816,100083,88.3,13.42,65,2.4143,-147,-24.9829,2,11,0.7,727.4,5.7,0.04023833,-0.4163817,11,14,15,25,23,250000
"2017-11-14 15:25:23.75",5817,100084,89.1,13.42,65,2.4144,-147,-24.9823,2,11,0.7,727.7,5.747,0.04024,-0.4163717,11,14,15,25,23,750000
"2017-11-14 15:25:24.25",5818,100085,95,13.42,65,2.4144,-147,-24.98,2,11,0.7,727.1,6.127,0.04024,-0.4163333,11,14,15,25,24,250000
"2017-11-14 15:25:24.75",5819,100086,87.3,13.41,65,2.4138,-147,-24.9788,2,11,0.7,727.2,5.631,0.04023,-0.4163133,11,14,15,25,24,750000
"2017-11-14 15:25:25.5",5820,100087,81.9,13.41,65,2.4141,-147,-24.9787,2,10,0.8,727.4,5.287,0.040235,-0.4163117,11,14,15,25,25,500000
"2017-11-14 15:25:26.25",5821,100088,59.5,13.41,65,2.4144,-147,-24.9735,2,10,0.8,727.6,3.842,0.04024,-0.416225,11,14,15,25,26,250000
"2017-11-14 15:25:27",5822,100089,71.42,13.4,65,2.4134,-147,-24.9725,2,10,0.7,727.2,4.61,0.04022333,-0.4162083,11,14,15,25,27,0
"2017-11-14 15:25:27.75",5823,100090,74.62,13.4,65,2.4132,-147,-24.9702,2,11,0.7,727.3,4.816,0.04022,-0.41617,11,14,15,25,27,750000
"2017-11-14 15:25:28.5",5824,100091,71.47,13.41,65,2.4137,-147,-24.9697,2,10,0.8,727.2,4.614,0.04022833,-0.4161616,11,14,15,25,28,500000
"2017-11-14 15:25:29.25",5825,100092,76.42,13.41,65,2.4134,-147,-24.9681,2,11,0.7,726.7,4.932,0.04022333,-0.416135,11,14,15,25,29,250000
"2017-11-14 15:25:30",5826,100093,72.65,13.4,65,2.4134,-147,-24.9665,2,11,0.7,727,4.69,0.04022333,-0.4161083,11,14,15,25,30,0
"2017-11-14 15:25:30.5",5827,100094,77.38,13.4,65,2.4141,-147,-24.9656,2,10,0.8,727.1,4.994,0.040235,-0.4160933,11,14,15,25,30,500000
"2017-11-14 15:25:31",5828,100095,79.91,13.39,65,2.4135,-147,-24.9649,2,10,0.8,728.3,5.157,0.040225,-0.4160816,11,14,15,25,31,0
"2017-11-14 15:25:31.5",5829,100096,85,13.4,65,2.4136,-147,-24.9632,2,10,0.8,727.3,5.483,0.04022666,-0.4160533,11,14,15,25,31,500000
"2017-11-14 15:25:32",5830,100097,79.23,13.4,65,2.413,-147,-24.9615,2,11,0.7,727.2,5.113,0.04021667,-0.416025,11,14,15,25,32,0
"2017-11-14 15:25:32.5",5831,100098,72.37,13.4,65,2.4134,-147,-24.961,2,10,0.8,727,4.672,0.04022333,-0.4160167,11,14,15,25,32,500000
"2017-11-14 15:25:33",5832,100099,78.78,13.4,65,2.4137,-147,-24.9611,2,10,0.8,727,5.084,0.04022833,-0.4160183,11,14,15,25,33,0
"2017-11-14 15:25:33.5",5833,100100,77.54,13.4,65,2.4139,-147,-24.9597,2,10,0.8,726,5.005,0.04023166,-0.415995,11,14,15,25,33,500000
"2017-11-14 15:25:34",5834,100101,78.22,13.4,65,2.4141,-147,-24.956,2,10,0.8,726.3,5.048,0.040235,-0.4159333,11,14,15,25,34,0
"2017-11-14 15:25:34.5",5835,100102,74.4,13.39,65,2.4139,-147,-24.9558,2,10,0.8,726.4,4.802,0.04023166,-0.41593,11,14,15,25,34,500000
"2017-11-14 15:25:35",5836,100103,78.67,13.39,65,2.4142,-147,-24.9548,2,10,0.8,726.6,5.077,0.04023667,-0.4159133,11,14,15,25,35,0
"2017-11-14 15:25:35.5",5837,100104,83.1,13.39,65,2.414,-147,-24.9536,2,10,0.8,727.1,5.363,0.04023333,-0.4158934,11,14,15,25,35,500000
"2017-11-14 15:25:36",5838,100105,77.6,13.4,65,2.4138,-147,-24.9531,2,10,0.8,726.5,5.008,0.04023,-0.415885,11,14,15,25,36,0
"2017-11-14 15:25:36.5",5839,100106,77.77,13.39,65,2.4131,-147,-24.9508,2,10,0.8,725.9,5.019,0.04021834,-0.4158467,11,14,15,25,36,500000
"2017-11-14 15:25:37",5840,100107,84.3,13.39,65,2.413,-147,-24.9479,2,10,0.8,725.9,5.439,0.04021667,-0.4157983,11,14,15,25,37,0
"2017-11-14 15:25:37.5",5841,100108,75.30,13.38,65,2.4133,-147,-24.9472,2,10,0.8,725.8,4.86,0.04022167,-0.4157867,11,14,15,25,37,500000
"2017-11-14 15:25:38",5842,100109,84,13.4,65,2.4136,-147,-24.945,2,10,0.8,726.6,5.418,0.04022666,-0.41575,11,14,15,25,38,0
"2017-11-14 15:25:38.5",5843,100110,72.82,13.38,65,2.4133,-147,-24.944,2,10,0.8,726.5,4.701,0.04022167,-0.4157333,11,14,15,25,38,500000
"2017-11-14 15:25:39",5844,100111,66.98,13.38,65,2.4131,-147,-24.942,2,10,0.8,727,4.324,0.04021834,-0.4157,11,14,15,25,39,0
"2017-11-14 15:25:39.5",5845,100112,71.36,13.39,65,2.4134,-147,-24.9415,2,10,0.8,726.5,4.606,0.04022333,-0.4156917,11,14,15,25,39,500000
"2017-11-14 15:25:40",5846,100113,68.55,13.38,65,2.4133,-147,-24.9408,2,10,0.8,726.8,4.425,0.04022167,-0.41568,11,14,15,25,40,0
"2017-11-14 15:25:40.5",5847,100114,66.3,13.38,65,2.4126,-147,-24.9389,2,10,0.8,725.2,4.281,0.04021,-0.4156484,11,14,15,25,40,500000
"2017-11-14 15:25:41",5848,100115,62.2,13.39,65,2.4125,-147,-24.9381,2,10,0.8,725.5,4.016,0.04020833,-0.415635,11,14,15,25,41,0
"2017-11-14 15:25:41.5",5849,100116,68.66,13.38,65,2.4126,-147,-24.9363,2,10,0.8,725.5,4.433,0.04021,-0.415605,11,14,15,25,41,500000
"2017-11-14 15:25:42",5850,100117,62.1,13.21,65,2.3758,-147,-24.9928,2,11,0.8,720.4,4.01,0.03959666,-0.4165467,11,14,15,25,42,0
"2017-11-14 15:25:42.5",5851,100118,76.67,13.23,65,2.3759,-147,-24.9919,2,11,0.8,720.1,4.948,0.03959834,-0.4165316,11,14,15,25,42,500000
"2017-11-14 15:25:43.25",5852,100119,66.71,13.23,65,2.3753,-147,-24.9883,2,11,0.8,720.9,4.307,0.03958833,-0.4164717,11,14,15,25,43,250000
"2017-11-14 15:25:43.75",5853,100120,71.04,13.21,65,2.3752,-147,-24.9874,2,11,0.8,720.3,4.586,0.03958667,-0.4164567,11,14,15,25,43,750000
"2017-11-14 15:25:44.25",5854,100121,73.85,13.23,65,2.3753,-147,-24.9854,2,11,0.8,719.6,4.767,0.03958833,-0.4164233,11,14,15,25,44,250000
"2017-11-14 15:25:45",5855,100122,79.7,13.22,65,2.3746,-147,-24.9839,2,11,0.8,720,5.144,0.03957666,-0.4163984,11,14,15,25,45,0
"2017-11-14 15:25:45.5",5856,100123,81,13.21,65,2.3745,-147,-24.9838,2,11,0.8,720.1,5.227,0.039575,-0.4163967,11,14,15,25,45,500000
"2017-11-14 15:25:46",5857,100124,84.8,13.22,65,2.3743,-147,-24.9817,2,11,0.8,720.2,5.47,0.03957166,-0.4163617,11,14,15,25,46,0
"2017-11-14 15:25:46.5",5858,100125,76.44,13.21,65,2.3746,-147,-24.9796,2,11,0.9,720,4.934,0.03957666,-0.4163267,11,14,15,25,46,500000
"2017-11-14 15:25:47",5859,100126,69.98,13.21,65,2.3748,-147,-24.9793,2,11,0.8,719.9,4.517,0.03958,-0.4163217,11,14,15,25,47,0
"2017-11-14 15:25:47.5",5860,100127,80.4,13.21,65,2.3749,-147,-24.9786,2,11,0.8,720.4,5.187,0.03958167,-0.41631,11,14,15,25,47,500000
"2017-11-14 15:25:48",5861,100128,70.26,13.22,65,2.3744,-147,-24.9783,2,11,0.8,720,4.535,0.03957333,-0.416305,11,14,15,25,48,0
"2017-11-14 15:25:48.5",5862,100129,70.26,13.2,65,2.3744,-147,-24.9782,2,11,0.8,720,4.535,0.03957333,-0.4163033,11,14,15,25,48,500000
"2017-11-14 15:25:48.75",5863,100130,66.77,13.21,65,2.3746,-147,-24.9779,2,11,0.8,720.5,4.311,0.03957666,-0.4162983,11,14,15,25,48,750000
"2017-11-14 15:25:49.25",5864,100131,74.7,13.22,65,2.3745,-147,-24.9759,2,11,0.8,718.7,4.821,0.039575,-0.416265,11,14,15,25,49,250000
"2017-11-14 15:25:49.75",5865,100132,74.53,13.21,65,2.3748,-147,-24.9751,2,11,0.8,718.3,4.811,0.03958,-0.4162516,11,14,15,25,49,750000
"2017-11-14 15:25:50.25",5866,100133,79.7,13.21,65,2.3748,-147,-24.9724,2,11,0.8,718.1,5.144,0.03958,-0.4162067,11,14,15,25,50,250000
"2017-11-14 15:25:51",5867,100134,84.7,13.21,65,2.375,-147,-24.9719,2,11,0.8,717.7,5.466,0.03958333,-0.4161984,11,14,15,25,51,0
"2017-11-14 15:25:51.5",5868,100135,87.3,13.2,65,2.3754,-147,-24.97,2,11,0.8,717.2,5.633,0.03959,-0.4161667,11,14,15,25,51,500000
"2017-11-14 15:25:52",5869,100136,74.87,13.2,65,2.3748,-147,-24.97,2,11,0.8,717.5,4.832,0.03958,-0.4161667,11,14,15,25,52,0
"2017-11-14 15:25:52.5",5870,100137,69.30,13.2,65,2.3744,-147,-24.9697,2,11,0.8,717.5,4.474,0.03957333,-0.4161616,11,14,15,25,52,500000
"2017-11-14 15:25:53",5871,100138,55.75,13.21,65,2.3743,-147,-24.9688,2,11,0.8,717.1,3.601,0.03957166,-0.4161467,11,14,15,25,53,0
"2017-11-14 15:25:53.5",5872,100139,58.34,13.2,65,2.3746,-147,-24.9685,2,11,0.8,717.7,3.767,0.03957666,-0.4161416,11,14,15,25,53,500000
"2017-11-14 15:25:54",5873,100140,59.74,13.21,65,2.3748,-147,-24.9669,2,10,0.9,717.7,3.858,0.03958,-0.416115,11,14,15,25,54,0
"2017-11-14 15:25:54.5",5874,100141,65.98,13.21,65,2.3748,-147,-24.9665,2,11,0.8,718,4.26,0.03958,-0.4161083,11,14,15,25,54,500000
"2017-11-14 15:25:55",5875,100142,61.82,13.2,65,2.3755,-147,-24.9648,2,10,0.9,717.6,3.992,0.03959167,-0.41608,11,14,15,25,55,0
"2017-11-14 15:25:55.5",5876,100143,56.48,13.21,65,2.3754,-147,-24.9637,2,11,0.8,717.7,3.648,0.03959,-0.4160617,11,14,15,25,55,500000
"2017-11-14 15:25:56",5877,100144,62.67,13.2,65,2.3756,-147,-24.9628,2,11,0.8,718.1,4.046,0.03959334,-0.4160466,11,14,15,25,56,0
"2017-11-14 15:25:56.5",5878,100145,69.53,13.19,65,2.3755,-147,-24.962,2,11,0.8,718.1,4.488,0.03959167,-0.4160333,11,14,15,25,56,500000
"2017-11-14 15:25:57",5879,100146,86.4,13.19,65,2.3757,-147,-24.9605,2,11,0.8,718,5.579,0.039595,-0.4160084,11,14,15,25,57,0
"2017-11-14 15:25:57.5",5880,100147,96.3,13.2,65,2.3758,-147,-24.9585,2,11,0.8,718.4,6.212,0.03959666,-0.415975,11,14,15,25,57,500000
"2017-11-14 15:25:58",5881,100148,107.4,13.2,65,2.3758,-147,-24.959,2,11,0.8,719.3,6.93,0.03959666,-0.4159833,11,14,15,25,58,0
"2017-11-14 15:25:58.5",5882,100149,103,13.19,65,2.3759,-147,-24.9586,2,11,0.8,719.2,6.647,0.03959834,-0.4159766,11,14,15,25,58,500000
"2017-11-14 15:25:59.25",5883,100150,100.1,13.19,65,2.3763,-147,-24.9563,2,11,0.8,718.7,6.455,0.039605,-0.4159384,11,14,15,25,59,250000
"2017-11-14 15:26:00",5884,100151,88.8,13.19,65,2.3766,-147,-24.9523,2,11,0.8,718.2,5.731,0.03961,-0.4158716,11,14,15,26,0,0
"2017-11-14 15:26:00.75",5885,100152,91.4,13.19,65,2.3767,-147,-24.9515,2,11,0.8,717.8,5.897,0.03961166,-0.4158583,11,14,15,26,0,750000
"2017-11-14 15:26:01.25",5886,100153,76.89,13.2,65,2.3763,-147,-24.9511,2,11,0.8,717.6,4.963,0.039605,-0.4158516,11,14,15,26,1,250000
"2017-11-14 15:26:01.75",5887,100154,79.98,13.2,65,2.3763,-147,-24.9497,2,11,0.8,717.2,5.162,0.039605,-0.4158283,11,14,15,26,1,750000
"2017-11-14 15:26:02.25",5888,100155,74.75,13.2,65,2.3764,-147,-24.9501,2,11,0.8,717.6,4.825,0.03960667,-0.415835,11,14,15,26,2,250000
"2017-11-14 15:26:02.75",5889,100156,80.8,13.19,65,2.3765,-147,-24.9488,2,11,0.8,717.3,5.216,0.03960833,-0.4158133,11,14,15,26,2,750000
"2017-11-14 15:26:03.25",5890,100157,74.08,13.19,65,2.3772,-147,-24.9471,2,10,0.9,716.2,4.782,0.03962,-0.415785,11,14,15,26,3,250000
"2017-11-14 15:26:03.75",5891,100158,73.52,13.19,65,2.377,-147,-24.9462,2,11,0.8,716.4,4.745,0.03961667,-0.41577,11,14,15,26,3,750000
"2017-11-14 15:26:04.25",5892,100159,75.43,13.19,65,2.3772,-147,-24.9457,2,11,0.8,716.6,4.869,0.03962,-0.4157616,11,14,15,26,4,250000
"2017-11-14 15:26:04.75",5893,100160,75.43,13.19,65,2.3772,-147,-24.9454,2,11,0.8,716.7,4.869,0.03962,-0.4157567,11,14,15,26,4,750000
"2017-11-14 15:26:05.25",5894,100161,71.1,13.18,65,2.3776,-147,-24.9443,2,11,0.8,717.2,4.59,0.03962666,-0.4157383,11,14,15,26,5,250000
"2017-11-14 15:26:06",5895,100162,74.14,13.19,65,2.378,-147,-24.9424,2,11,0.8,716.3,4.785,0.03963333,-0.4157067,11,14,15,26,6,0
"2017-11-14 15:26:06.5",5896,100163,75.49,13.19,65,2.378,-147,-24.941,2,10,0.9,715.7,4.872,0.03963333,-0.4156833,11,14,15,26,6,500000
"2017-11-14 15:26:07",5897,100164,89.3,13.19,65,2.3786,-147,-24.9395,2,11,0.8,716,5.763,0.03964333,-0.4156584,11,14,15,26,7.000,0
"2017-11-14 15:26:07.5",5898,100165,95.3,13.19,65,2.3784,-147,-24.9405,2,11,0.8,716.6,6.151,0.03964,-0.415675,11,14,15,26,7.000,500000
"2017-11-14 15:26:08",5899,100166,86.7,13.18,65,2.3782,-147,-24.9414,2,11,0.8,717.1,5.593,0.03963667,-0.41569,11,14,15,26,8,0
"2017-11-14 15:26:08.75",5900,100167,92.7,13.18,65,2.378,-147,-24.9406,2,11,0.8,717.3,5.981,0.03963333,-0.4156766,11,14,15,26,8,750000
"2017-11-14 15:26:09.25",5901,100168,76.5,13.19,65,2.3777,-147,-24.9386,2,11,0.8,717.3,4.937,0.03962834,-0.4156433,11,14,15,26,9,250000
"2017-11-14 15:26:09.75",5902,100169,77.68,13.19,65,2.3782,-147,-24.9377,2,11,0.8,717.4,5.014,0.03963667,-0.4156284,11,14,15,26,9,750000
"2017-11-14 15:26:10.25",5903,100170,79.54,13.18,65,2.3778,-147,-24.9372,2,11,0.8,717.4,5.133,0.03963,-0.41562,11,14,15,26,10,250000
"2017-11-14 15:26:10.75",5904,100171,73.86,13.19,65,2.3784,-147,-24.9366,2,11,0.8,717,4.767,0.03964,-0.41561,11,14,15,26,10,750000
"2017-11-14 15:26:11.25",5905,100172,85.9,13.18,65,2.3784,-147,-24.9353,2,11,0.8,717.4,5.542,0.03964,-0.4155884,11,14,15,26,11,250000
"2017-11-14 15:26:12",5906,100173,74.64,13.18,65,2.3782,-147,-24.9343,2,11,0.8,717.7,4.818,0.03963667,-0.4155716,11,14,15,26,12,0
"2017-11-14 15:26:12.5",5907,100174,74.08,13.18,65,2.3784,-147,-24.9339,2,10,0.8,716.9,4.782,0.03964,-0.415565,11,14,15,26,12,500000
"2017-11-14 15:26:13",5908,100175,77.46,13.18,65,2.3784,-147,-24.9331,2,11,0.8,717,4.999,0.03964,-0.4155517,11,14,15,26,13,0
"2017-11-14 15:26:13.75",5909,100176,-0.07,13.25,65,2.3789,-147,-24.9322,2,11,0.8,716.6,0.00,0.03964834,-0.4155367,11,14,15,26,13,750000
"2017-11-14 15:26:14.25",5910,100177,-0.13,13.26,65,2.3789,-147,-24.9306,2,11,0.8,716.5,0,0.03964834,-0.41551,11,14,15,26,14,250000
"2017-11-14 15:26:14.75",5911,100178,-0.13,13.26,65,2.3784,-147,-24.9296,2,11,0.8,716.5,0,0.03964,-0.4154933,11,14,15,26,14,750000
"2017-11-14 15:26:15.25",5912,100179,-0.13,13.26,65,2.3781,-147,-24.9292,2,11,0.8,717.3,0,0.039635,-0.4154867,11,14,15,26,15,250000
"2017-11-14 15:26:15.75",5913,100180,-0.13,13.26,65,2.3779,-147,-24.9277,2,11,0.8,717.3,0,0.03963166,-0.4154616,11,14,15,26,15,750000
"2017-11-14 15:26:16.25",5914,100181,-0.13,13.26,65,2.3782,-147,-24.927,2,11,0.8,717,0,0.03963667,-0.41545,11,14,15,26,16,250000
"2017-11-14 15:26:16.75",5915,100182,75.77,13.18,65,2.3784,-147,-24.9269,2,11,0.9,716.9,4.89,0.03964,-0.4154483,11,14,15,26,16,750000
"2017-11-14 15:26:17.25",5916,100183,76.33,13.18,65,2.3784,-147,-24.9268,2,10,0.9,716.9,4.927,0.03964,-0.4154467,11,14,15,26,17,250000
"2017-11-14 15:26:17.75",5917,100184,80.3,13.18,65,2.3785,-147,-24.9262,2,11,0.8,717,5.184,0.03964167,-0.4154367,11,14,15,26,17,750000
"2017-11-14 15:26:18.25",5918,100185,70.71,13.17,65,2.3784,-147,-24.9248,2,11,0.8,716.3,4.564,0.03964,-0.4154134,11,14,15,26,18,250000
"2017-11-14 15:26:19",5919,100186,84.4,13.18,65,2.3785,-147,-24.9236,2,11,0.8,715.9,5.445,0.03964167,-0.4153933,11,14,15,26,19,0
"2017-11-14 15:26:19.5",5920,100187,73.52,13.17,65,2.3787,-147,-24.9228,2,11,0.9,716.4,4.746,0.039645,-0.41538,11,14,15,26,19,500000
"2017-11-14 15:26:20",5921,100188,45.13,13.17,65,2.379,-147,-24.9201,2,11,0.8,716.8,2.916,0.03965,-0.415335,11,14,15,26,20,0
"2017-11-14 15:26:20.5",5922,100189,74.53,13.17,65,2.3792,-147,-24.9193,2,11,0.8,717.2,4.811,0.03965334,-0.4153217,11,14,15,26,20,500000
"2017-11-14 15:26:21.25",5923,100190,66.78,13.17,65,2.3796,-147,-24.9192,2,11,0.8,718.2,4.311,0.03966,-0.41532,11,14,15,26,21,250000
"2017-11-14 15:26:22",5924,100191,89.4,13.18,65,2.3803,-147,-24.9184,2,11,0.8,719,5.767,0.03967167,-0.4153066,11,14,15,26,22,0
"2017-11-14 15:26:22.5",5925,100192,67.9,13.18,65,2.3799,-147,-24.917,2,11,0.8,718.4,4.383,0.039665,-0.4152833,11,14,15,26,22,500000
"2017-11-14 15:26:23.25",5926,100193,68.24,13.17,65,2.3802,-147,-24.9163,2,11,0.8,718.3,4.405,0.03967,-0.4152717,11,14,15,26,23,250000
"2017-11-14 15:26:24",5927,100194,57.1,13.15,65,2.3824,-147,-25.0298,2,11,0.8,724.9,3.688,0.03970667,-0.4171634,11,14,15,26,24,0
"2017-11-14 15:26:24.75",5928,100195,60.65,13.14,65,2.3813,-147,-25.0313,2,10,1,725.7,3.916,0.03968833,-0.4171883,11,14,15,26,24,750000
"2017-11-14 15:26:25.5",5929,100196,69.31,13.14,65,2.3812,-147,-25.0318,2,10,1,725.7,4.474,0.03968667,-0.4171967,11,14,15,26,25,500000
"2017-11-14 15:26:26.25",5930,100197,65.65,13.13,65,2.3813,-147,-25.0324,2,10,1,725.7,4.238,0.03968833,-0.4172067,11,14,15,26,26,250000
"2017-11-14 15:26:27",5931,100198,47.55,13.14,65,2.3813,-147,-25.0326,2,10,1,725.7,3.072,0.03968833,-0.41721,11,14,15,26,27,0
"2017-11-14 15:26:27.75",5932,100199,68.91,13.13,65,2.3813,-147,-25.0327,2,10,1,725.7,4.449,0.03968833,-0.4172116,11,14,15,26,27,750000
"2017-11-14 15:26:28.5",5933,100200,75.43,13.13,65,2.3813,-147,-25.033,2,10,1,725.8,4.869,0.03968833,-0.4172167,11,14,15,26,28,500000
"2017-11-14 15:26:29.25",5934,100201,64.58,13.14,65,2.3813,-147,-25.0331,2,10,1,725.8,4.17,0.03968833,-0.4172183,11,14,15,26,29,250000
"2017-11-14 15:26:30",5935,100202,75.6,13.13,65,2.3811,-147,-25.0331,2,10,1,725.7,4.88,0.039685,-0.4172183,11,14,15,26,30,0
"2017-11-14 15:26:30.75",5936,100203,66.83,13.12,65,2.381,-147,-25.0336,2,10,1,725.7,4.315,0.03968334,-0.4172267,11,14,15,26,30,750000
"2017-11-14 15:26:31.5",5937,100204,79.48,13.13,65,2.3809,-147,-25.0339,2,9,1.1,725.6,5.13,0.03968166,-0.4172316,11,14,15,26,31,500000
"2017-11-14 15:26:32.25",5938,100205,78.81,13.13,65,2.3807,-147,-25.0347,2,10,1,725.5,5.086,0.03967834,-0.417245,11,14,15,26,32,250000
"2017-11-14 15:26:32.75",5939,100206,62.67,13.12,65,2.3794,-147,-25.0382,2,10,1,726.3,4.046,0.03965666,-0.4173034,11,14,15,26,32,750000
"2017-11-14 15:26:33.5",5940,100207,57.95,13.13,65,2.379,-147,-25.0384,2,10,1,726.8,3.742,0.03965,-0.4173067,11,14,15,26,33,500000
"2017-11-14 15:26:34.25",5941,100208,60.82,13.13,65,2.3781,-147,-25.0408,2,10,1,727.2,3.927,0.039635,-0.4173466,11,14,15,26,34,250000
"2017-11-14 15:26:34.75",5942,100209,59.3,13.12,65,2.378,-147,-25.0412,2,10,1,727.2,3.829,0.03963333,-0.4173533,11,14,15,26,34,750000
"2017-11-14 15:26:35.5",5943,100210,64.7,13.12,65,2.3775,-147,-25.0419,2,10,1,727,4.177,0.039625,-0.417365,11,14,15,26,35,500000
"2017-11-14 15:26:36.25",5944,100211,59.47,13.13,65,2.3771,-147,-25.0441,2,10,1,726.9,3.84,0.03961833,-0.4174017,11,14,15,26,36,250000
"2017-11-14 15:26:36.75",5945,100212,65.31,13.13,65,2.3769,-147,-25.0447,2,10,1,727,4.217,0.039615,-0.4174117,11,14,15,26,36,750000
"2017-11-14 15:26:37.5",5946,100213,71.5,13.12,65,2.3763,-147,-25.0453,2,10,1,727.1,4.615,0.039605,-0.4174217,11,14,15,26,37,500000
"2017-11-14 15:26:38.25",5947,100214,83.2,13.13,65,2.3763,-147,-25.0456,2,10,1,727.4,5.372,0.039605,-0.4174267,11,14,15,26,38,250000
"2017-11-14 15:26:39",5948,100215,80.5,13.13,65,2.376,-147,-25.0463,2,10,1,727.6,5.195,0.0396,-0.4174384,11,14,15,26,39,0
"2017-11-14 15:26:39.75",5949,100216,73.64,13.13,65,2.3759,-147,-25.0474,2,10,1,727.6,4.753,0.03959834,-0.4174566,11,14,15,26,39,750000
"2017-11-14 15:26:40.25",5950,100217,77.35,13.11,65,2.3756,-147,-25.0493,2,10,1,727.6,4.992,0.03959334,-0.4174883,11,14,15,26,40,250000
"2017-11-14 15:26:41",5951,100218,80.9,13.11,65,2.375,-147,-25.0499,2,10,1,727.4,5.22,0.03958333,-0.4174983,11,14,15,26,41,0
"2017-11-14 15:26:41.75",5952,100219,69.36,13.12,65,2.3745,-147,-25.0521,2,10,1,727.5,4.478,0.039575,-0.417535,11,14,15,26,41,750000
"2017-11-14 15:26:42.5",5953,100220,57.16,13.11,65,2.374,-147,-25.0524,2,10,1,728.3,3.691,0.03956667,-0.41754,11,14,15,26,42,500000
"2017-11-14 15:26:43.25",5954,100221,54.29,13.11,65,2.3736,-147,-25.0528,2,10,1,728.6,3.507,0.03956,-0.4175466,11,14,15,26,43,250000
"2017-11-14 15:26:44",5955,100222,62.5,13.12,65,2.3734,-147,-25.0546,2,10,1,728.4,4.036,0.03955667,-0.4175767,11,14,15,26,44,0
"2017-11-14 15:26:44.75",5956,100223,64.47,13.11,65,2.3734,-147,-25.0551,2,10,1,728.2,4.162,0.03955667,-0.417585,11,14,15,26,44,750000
"2017-11-14 15:26:45.25",5957,100224,57.78,13.12,65,2.3733,-147,-25.0555,2,10,1,728,3.731,0.039555,-0.4175917,11,14,15,26,45,250000
"2017-11-14 15:26:45.75",5958,100225,55.03,13.11,65,2.3725,-147,-25.0563,2,10,1,727.4,3.554,0.03954166,-0.417605,11,14,15,26,45,750000
"2017-11-14 15:26:46.25",5959,100226,53.79,13.12,65,2.3725,-147,-25.0565,2,10,1,727.4,3.474,0.03954166,-0.4176083,11,14,15,26,46,250000
"2017-11-14 15:26:47",5960,100227,52.21,13.11,65,2.3722,-147,-25.0576,2,10,1,727.5,3.373,0.03953667,-0.4176267,11,14,15,26,47,0
"2017-11-14 15:26:47.75",5961,100228,62.45,13.11,65,2.3723,-147,-25.059,2,10,1,727.7,4.032,0.03953833,-0.41765,11,14,15,26,47,750000
"2017-11-14 15:26:48.5",5962,100229,56.77,13.11,65,2.3725,-147,-25.0596,2,10,1,728.3,3.666,0.03954166,-0.41766,11,14,15,26,48,500000
"2017-11-14 15:26:49",5963,100230,61.77,13.12,65,2.3724,-147,-25.0595,2,10,1,728.7,3.989,0.03954,-0.4176583,11,14,15,26,49,0
"2017-11-14 15:26:49.5",5964,100231,37.03,13.12,65,2.3721,-147,-25.0605,2,10,1,728.8,2.395,0.039535,-0.417675,11,14,15,26,49,500000
"2017-11-14 15:26:50.25",5965,100232,52.83,13.11,65,2.3724,-147,-25.0618,2,10,1,728.9,3.413,0.03954,-0.4176966,11,14,15,26,50,250000
"2017-11-14 15:26:51",5966,100233,46.7,13.11,65,2.372,-147,-25.0623,2,9,1,729.1,3.018,0.03953333,-0.417705,11,14,15,26,51,0
"2017-11-14 15:26:51.5",5967,100234,61.94,13.1,65,2.3716,-147,-25.0642,2,9,1,729.4,3.999,0.03952666,-0.4177366,11,14,15,26,51,500000
"2017-11-14 15:26:52",5968,100235,68.86,13.11,65,2.3715,-147,-25.0648,2,9,1,729.8,4.445,0.039525,-0.4177467,11,14,15,26,52,0
"2017-11-14 15:26:52.5",5969,100236,69.98,13.11,65,2.3714,-147,-25.0651,2,9,1,730,4.517,0.03952334,-0.4177517,11,14,15,26,52,500000
"2017-11-14 15:26:53",5970,100237,77.85,13.09,65,2.3712,-147,-25.0661,2,9,1,729.9,5.025,0.03952,-0.4177683,11,14,15,26,53,0
"2017-11-14 15:26:53.5",5971,100238,67.79,13.11,65,2.3707,-147,-25.0659,2,9,1,730.2,4.376,0.03951166,-0.417765,11,14,15,26,53,500000
"2017-11-14 15:26:54.25",5972,100239,288.7,12.7,65,2.3706,-147,-25.0671,2,9,1,730.8,18.61,0.03951,-0.417785,11,14,15,26,54,250000
"2017-11-14 15:26:54.75",5973,100240,288.5,12.75,65,2.3706,-147,-25.0677,2,9,1,730.8,18.6,0.03951,-0.417795,11,14,15,26,54,750000
"2017-11-14 15:26:55.25",5974,100241,288.4,12.79,65,2.3707,-147,-25.0683,2,9,1,730.4,18.59,0.03951166,-0.417805,11,14,15,26,55,250000
"2017-11-14 15:26:56",5975,100242,288.5,12.8,65,2.3706,-147,-25.069,2,9,1,730.3,18.6,0.03951,-0.4178167,11,14,15,26,56,0
"2017-11-14 15:26:56.5",5976,100243,288.5,12.81,65,2.3702,-147,-25.0706,2,9,1,730.3,18.6,0.03950333,-0.4178434,11,14,15,26,56,500000
"2017-11-14 15:26:57",5977,100244,288.6,12.81,65,2.3701,-147,-25.0704,2,9,1,731,18.61,0.03950167,-0.41784,11,14,15,26,57,0
"2017-11-14 15:26:57.5",5978,100245,288.6,12.81,65,2.3697,-147,-25.0716,2,9,1,731.1,18.61,0.039495,-0.41786,11,14,15,26,57,500000
"2017-11-14 15:26:58",5979,100246,288.7,12.82,65,2.3695,-147,-25.0724,2,9,1,731,18.61,0.03949166,-0.4178733,11,14,15,26,58,0
"2017-11-14 15:26:58.5",5980,100247,288.8,12.82,65,2.3694,-147,-25.0735,2,9,1,730.8,18.62,0.03949,-0.4178916,11,14,15,26,58,500000
"2017-11-14 15:26:59",5981,100248,289,12.82,65,2.3686,-147,-25.0757,2,9,1,731.1,18.63,0.03947667,-0.4179283,11,14,15,26,59,0
"2017-11-14 15:26:59.5",5982,100249,289,12.81,65,2.3689,-147,-25.0751,2,9,1,731.6,18.63,0.03948166,-0.4179183,11,14,15,26,59,500000
"2017-11-14 15:27:00",5983,100250,289.1,12.82,65,2.3685,-147,-25.0749,2,9,1,731.3,18.63,0.039475,-0.417915,11,14,15,27,0,0
"2017-11-14 15:27:00.75",5984,100251,289,12.82,65,2.3687,-147,-25.0759,2,9,1,731.4,18.63,0.03947834,-0.4179316,11,14,15,27,0,750000
"2017-11-14 15:27:01.25",5985,100252,289.3,12.81,65,2.368,-147,-25.0765,2,9,1,730.9,18.65,0.03946667,-0.4179416,11,14,15,27,1,250000
"2017-11-14 15:27:02",5986,100253,289.3,12.81,65,2.368,-147,-25.0778,2,9,1,731.3,18.65,0.03946667,-0.4179634,11,14,15,27,2,0
"2017-11-14 15:27:02.5",5987,100254,289.4,12.81,65,2.3679,-147,-25.0785,2,9,1,730.8,18.65,0.039465,-0.417975,11,14,15,27,2,500000
"2017-11-14 15:27:03.25",5988,100255,289.4,12.81,65,2.368,-147,-25.0788,2,9,1,730.5,18.65,0.03946667,-0.41798,11,14,15,27,3,250000
"2017-11-14 15:27:03.75",5989,100256,289.5,12.8,65,2.3677,-147,-25.0802,2,9,1,730.4,18.66,0.03946167,-0.4180034,11,14,15,27,3,750000
"2017-11-14 15:27:04.5",5990,100257,289.5,12.8,65,2.3673,-147,-25.08,2,8,1.1,729.9,18.66,0.039455,-0.418,11,14,15,27,4,500000
"2017-11-14 15:27:05.25",5991,100258,289.5,12.8,65,2.3674,-147,-25.0803,2,9,1.1,730.2,18.66,0.03945666,-0.418005,11,14,15,27,5,250000
"2017-11-14 15:27:06",5992,100259,289.5,12.8,65,2.367,-147,-25.0819,2,9,1,730.2,18.66,0.03945,-0.4180317,11,14,15,27,6,0
"2017-11-14 15:27:06.75",5993,100260,289.5,12.8,65,2.3667,-147,-25.0819,2,9,1,729.9,18.66,0.039445,-0.4180317,11,14,15,27,6,750000
"2017-11-14 15:27:07.5",5994,100261,289.6,12.79,65,2.3667,-147,-25.0829,2,9,1,729.9,18.67,0.039445,-0.4180483,11,14,15,27,7.000,500000
"2017-11-14 15:27:08.25",5995,100262,289.6,12.79,65,2.3666,-147,-25.0841,2,8,1.1,730.5,18.67,0.03944333,-0.4180684,11,14,15,27,8,250000
"2017-11-14 15:27:09",5996,100263,289.6,12.79,65,2.3666,-147,-25.0855,2,9,1,729.7,18.67,0.03944333,-0.4180917,11,14,15,27,9,0
"2017-11-14 15:27:09.75",5997,100264,289.6,12.79,65,2.3662,-147,-25.086,2,9,1,729.9,18.67,0.03943666,-0.4181,11,14,15,27,9,750000
"2017-11-14 15:27:10.5",5998,100265,289.6,12.79,65,2.366,-147,-25.0867,2,9,1,730.4,18.67,0.03943334,-0.4181117,11,14,15,27,10,500000
"2017-11-14 15:27:11.25",5999,100266,289.6,12.79,65,2.366,-147,-25.0867,2,9,1,730.6,18.67,0.03943334,-0.4181117,11,14,15,27,11,250000
"2017-11-14 15:27:12",6000,100267,289.6,12.78,65,2.366,-147,-25.0877,2,9,1,729.9,18.67,0.03943334,-0.4181284,11,14,15,27,12,0
"2017-11-14 15:27:12.5",6001,100268,289.8,12.78,65,2.3658,-147,-25.0881,2,8,1.1,729.6,18.68,0.03943,-0.418135,11,14,15,27,12,500000
"2017-11-14 15:27:13",6002,100269,289.8,12.78,65,2.3652,-147,-25.0895,2,9,1,729.7,18.68,0.03942,-0.4181584,11,14,15,27,13,0
"2017-11-14 15:27:13.75",6003,100270,289.8,12.78,65,2.3652,-147,-25.0896,2,9,1,729.6,18.68,0.03942,-0.41816,11,14,15,27,13,750000
"2017-11-14 15:27:14.5",6004,100271,289.8,12.77,65,2.3652,-147,-25.0902,2,9,1,729.8,18.68,0.03942,-0.41817,11,14,15,27,14,500000
"2017-11-14 15:27:15",6005,100272,289.8,12.77,65,2.3653,-147,-25.0913,2,9,1.1,729.9,18.68,0.03942167,-0.4181883,11,14,15,27,15,0
"2017-11-14 15:27:15.75",6006,100273,289.8,12.77,65,2.3654,-147,-25.0915,2,9,1,730,18.68,0.03942334,-0.4181916,11,14,15,27,15,750000
"2017-11-14 15:27:16.5",6007,100274,289.8,12.77,65,2.3652,-147,-25.0924,2,9,1,730.7,18.68,0.03942,-0.4182067,11,14,15,27,16,500000
"2017-11-14 15:27:17",6008,100275,289.9,12.75,65,2.3655,-147,-25.0944,2,9,1,731.3,18.69,0.039425,-0.41824,11,14,15,27,17,0
"2017-11-14 15:27:17.75",6009,100276,289.8,12.75,65,2.3658,-147,-25.0948,2,9,1,731.1,18.68,0.03943,-0.4182467,11,14,15,27,17,750000
"2017-11-14 15:27:18.25",6010,100277,289.9,12.74,65,2.3656,-147,-25.0953,2,9,1,731.6,18.69,0.03942667,-0.418255,11,14,15,27,18,250000
"2017-11-14 15:27:18.75",6011,100278,289.9,12.74,65,2.3655,-147,-25.0963,2,9,1,731.3,18.69,0.039425,-0.4182717,11,14,15,27,18,750000
"2017-11-14 15:27:19.5",6012,100279,289.9,12.74,65,2.3653,-147,-25.0967,2,9,1,731.3,18.69,0.03942167,-0.4182783,11,14,15,27,19,500000
"2017-11-14 15:27:20.25",6013,100280,289.9,12.74,65,2.3651,-147,-25.0968,2,9,1,731.1,18.69,0.03941833,-0.41828,11,14,15,27,20,250000
"2017-11-14 15:27:20.75",6014,100281,289.8,12.73,65,2.3648,-147,-25.0962,2,9,1.1,731.1,18.68,0.03941333,-0.41827,11,14,15,27,20,750000
"2017-11-14 15:27:21.5",6015,100282,289.9,12.73,65,2.3648,-147,-25.0962,2,9,1.1,731.1,18.69,0.03941333,-0.41827,11,14,15,27,21,500000
"2017-11-14 15:27:22.25",6016,100283,289.9,12.72,65,2.3643,-147,-25.0977,2,9,1,731.3,18.69,0.039405,-0.418295,11,14,15,27,22,250000
"2017-11-14 15:27:23",6017,100284,289.9,12.72,65,2.3636,-147,-25.0985,2,9,1,731.1,18.69,0.03939333,-0.4183083,11,14,15,27,23,0
"2017-11-14 15:27:23.75",6018,100285,289.9,12.72,65,2.3632,-147,-25.0984,2,9,1,730.9,18.69,0.03938667,-0.4183067,11,14,15,27,23,750000
"2017-11-14 15:27:24.5",6019,100286,290,12.72,65,2.3627,-147,-25.0975,2,9,1,731,18.69,0.03937833,-0.4182916,11,14,15,27,24,500000
"2017-11-14 15:27:25.25",6020,100287,290,12.72,65,2.3625,-147,-25.0977,2,9,1,731,18.69,0.039375,-0.418295,11,14,15,27,25,250000
"2017-11-14 15:27:25.75",6021,100288,290,12.71,65,2.3622,-147,-25.0974,2,9,1,730.8,18.69,0.03937,-0.41829,11,14,15,27,25,750000
"2017-11-14 15:27:26.5",6022,100289,290,12.71,65,2.3618,-147,-25.0981,2,9,1,730.9,18.69,0.03936333,-0.4183017,11,14,15,27,26,500000
"2017-11-14 15:27:27.25",6023,100290,290,12.71,65,2.3615,-147,-25.0982,2,10,1,730.8,18.69,0.03935833,-0.4183034,11,14,15,27,27,250000
"2017-11-14 15:27:27.75",6024,100291,290,12.71,65,2.361,-147,-25.0979,2,10,1,731.2,18.69,0.03935,-0.4182983,11,14,15,27,27,750000
"2017-11-14 15:27:28.5",6025,100292,290,12.71,65,2.3605,-147,-25.0989,2,10,1,731.7,18.69,0.03934167,-0.418315,11,14,15,27,28,500000
"2017-11-14 15:27:29",6026,100293,290,12.71,65,2.3601,-147,-25.0988,2,10,0.9,731.2,18.69,0.039335,-0.4183134,11,14,15,27,29,0
"2017-11-14 15:27:29.75",6027,100294,290,12.71,65,2.36,-147,-25.0985,2,10,0.9,731.3,18.69,0.03933333,-0.4183083,11,14,15,27,29,750000
"2017-11-14 15:27:30.25",6028,100295,290,12.71,65,2.3596,-147,-25.0976,2,10,0.9,732.3,18.69,0.03932667,-0.4182934,11,14,15,27,30,250000
"2017-11-14 15:27:31",6029,100296,290,12.7,65,2.3591,-147,-25.0975,2,10,0.9,732.1,18.69,0.03931834,-0.4182916,11,14,15,27,31,0
"2017-11-14 15:27:31.75",6030,100297,290,12.68,65,2.3594,-147,-25.0984,2,10,0.9,732.3,18.7,0.03932333,-0.4183067,11,14,15,27,31,750000
"2017-11-14 15:27:32.5",6031,100298,290,12.68,65,2.3589,-147,-25.0984,2,10,0.9,731.6,18.7,0.039315,-0.4183067,11,14,15,27,32,500000
"2017-11-14 15:27:33.25",6032,100299,290,12.68,65,2.3585,-147,-25.098,2,10,0.9,732,18.7,0.03930833,-0.4183,11,14,15,27,33,250000
"2017-11-14 15:27:34",6033,100300,290,12.68,65,2.3583,-147,-25.0988,2,10,0.9,732.1,18.7,0.039305,-0.4183134,11,14,15,27,34,0
"2017-11-14 15:27:34.5",6034,100301,290,12.68,65,2.3578,-147,-25.0988,2,10,0.9,732.4,18.7,0.03929667,-0.4183134,11,14,15,27,34,500000
"2017-11-14 15:27:35.25",6035,100302,290,12.68,65,2.3576,-147,-25.0992,2,10,0.9,732,18.7,0.03929333,-0.41832,11,14,15,27,35,250000
"2017-11-14 15:27:36",6036,100303,290,12.68,65,2.3577,-147,-25.0993,2,10,0.9,732.1,18.69,0.039295,-0.4183217,11,14,15,27,36,0
"2017-11-14 15:27:36.75",6037,100304,290,12.68,65,2.3572,-147,-25.0993,2,10,0.9,732.7,18.69,0.03928666,-0.4183217,11,14,15,27,36,750000
"2017-11-14 15:27:37.5",6038,100305,290,12.67,65,2.3567,-147,-25.0992,2,10,0.9,732.9,18.69,0.03927833,-0.41832,11,14,15,27,37,500000
"2017-11-14 15:27:38",6039,100306,290,12.67,65,2.3566,-147,-25.0987,2,10,0.9,732.4,18.69,0.03927667,-0.4183116,11,14,15,27,38,0
"2017-11-14 15:27:38.75",6040,100307,290,12.67,65,2.3559,-147,-25.0986,2,10,0.9,732.4,18.69,0.039265,-0.41831,11,14,15,27,38,750000
"2017-11-14 15:27:39.25",6041,100308,290,12.67,65,2.3556,-147,-25.0984,2,10,0.9,732.4,18.69,0.03926,-0.4183067,11,14,15,27,39,250000
"2017-11-14 15:27:40",6042,100309,290,12.67,65,2.3557,-147,-25.0981,2,10,0.9,732.8,18.69,0.03926166,-0.4183017,11,14,15,27,40,0
"2017-11-14 15:27:40.75",6043,100310,290,12.67,65,2.3555,-147,-25.0983,2,10,0.9,733,18.69,0.03925834,-0.418305,11,14,15,27,40,750000
"2017-11-14 15:27:41.5",6044,100311,290,12.67,65,2.3549,-147,-25.0984,2,10,0.9,732.8,18.7,0.03924833,-0.4183067,11,14,15,27,41,500000
"2017-11-14 15:27:42.25",6045,100312,290,12.67,65,2.3549,-147,-25.098,2,10,0.9,733.3,18.69,0.03924833,-0.4183,11,14,15,27,42,250000
"2017-11-14 15:27:43",6046,100313,290,12.67,65,2.3548,-147,-25.0982,2,10,0.9,734.1,18.69,0.03924667,-0.4183034,11,14,15,27,43,0
"2017-11-14 15:27:43.75",6047,100314,290,12.66,65,2.3542,-147,-25.0979,2,10,0.9,733.9,18.7,0.03923666,-0.4182983,11,14,15,27,43,750000
"2017-11-14 15:27:44.5",6048,100315,290,12.66,65,2.3542,-147,-25.0973,2,10,0.9,734.3,18.7,0.03923666,-0.4182883,11,14,15,27,44,500000
"2017-11-14 15:27:45.25",6049,100316,290,12.66,65,2.354,-147,-25.0979,2,10,0.9,735,18.69,0.03923334,-0.4182983,11,14,15,27,45,250000
"2017-11-14 15:27:45.75",6050,100317,290,12.66,65,2.3534,-147,-25.0978,2,9,1,735.2,18.7,0.03922333,-0.4182967,11,14,15,27,45,750000
"2017-11-14 15:27:46.25",6051,100318,290,12.66,65,2.353,-147,-25.0971,2,9,1,735,18.7,0.03921666,-0.418285,11,14,15,27,46,250000
"2017-11-14 15:27:47",6052,100319,290,12.66,65,2.3524,-147,-25.0974,2,9,1,734.5,18.7,0.03920667,-0.41829,11,14,15,27,47,0
"2017-11-14 15:27:47.75",6053,100320,290,12.66,65,2.3518,-147,-25.0965,2,9,1,734.7,18.7,0.03919667,-0.418275,11,14,15,27,47,750000
"2017-11-14 15:27:48.5",6054,100321,290,12.65,65,2.3509,-147,-25.0972,2,9,1,734.1,18.7,0.03918166,-0.4182867,11,14,15,27,48,500000
"2017-11-14 15:27:49",6055,100322,290,12.65,65,2.3508,-147,-25.0969,2,9,1,734.7,18.69,0.03918,-0.4182817,11,14,15,27,49,0
"2017-11-14 15:27:49.5",6056,100323,290,12.65,65,2.3502,-147,-25.0966,2,9,1,735.2,18.7,0.03917,-0.4182767,11,14,15,27,49,500000
"2017-11-14 15:27:50.25",6057,100324,290,12.65,65,2.3504,-147,-25.0962,2,9,1,735.4,18.7,0.03917333,-0.41827,11,14,15,27,50,250000
"2017-11-14 15:27:51",6058,100325,290,12.65,65,2.3496,-147,-25.0964,2,9,1,735.9,18.7,0.03916,-0.4182733,11,14,15,27,51,0
"2017-11-14 15:27:51.75",6059,100326,290,12.65,65,2.3491,-147,-25.0956,2,9,1,735.7,18.7,0.03915167,-0.41826,11,14,15,27,51,750000
"2017-11-14 15:27:52.5",6060,100327,290,12.65,65,2.349,-147,-25.0955,2,9,1,735.8,18.7,0.03915,-0.4182583,11,14,15,27,52,500000
"2017-11-14 15:27:53.25",6061,100328,290,12.65,65,2.3485,-147,-25.0952,2,9,1,736.1,18.7,0.03914167,-0.4182533,11,14,15,27,53,250000
"2017-11-14 15:27:54",6062,100329,290,12.64,65,2.3482,-147,-25.0949,2,9,1,736,18.69,0.03913667,-0.4182483,11,14,15,27,54,0
"2017-11-14 15:27:54.5",6063,100330,290,12.65,65,2.348,-147,-25.0945,2,9,1,736,18.7,0.03913333,-0.4182416,11,14,15,27,54,500000
"2017-11-14 15:27:55.25",6064,100331,290,12.64,65,2.3477,-147,-25.0948,2,9,1,735.9,18.7,0.03912834,-0.4182467,11,14,15,27,55,250000
"2017-11-14 15:27:56",6065,100332,290,12.64,65,2.3478,-147,-25.0952,2,9,1,735.8,18.7,0.03913,-0.4182533,11,14,15,27,56,0
"2017-11-14 15:27:56.5",6066,100333,290,12.64,65,2.3474,-147,-25.0945,2,9,1,736,18.7,0.03912333,-0.4182416,11,14,15,27,56,500000
"2017-11-14 15:27:57.25",6067,100334,290.1,12.61,65,2.3471,-147,-25.0946,2,9,0.9,735.6,18.7,0.03911834,-0.4182434,11,14,15,27,57,250000
"2017-11-14 15:27:58",6068,100335,290,12.61,65,2.3468,-147,-25.0946,2,9,0.9,735.3,18.7,0.03911334,-0.4182434,11,14,15,27,58,0
"2017-11-14 15:27:58.5",6069,100336,290,12.61,65,2.3466,-147,-25.0947,2,9,0.9,735.4,18.7,0.03911,-0.418245,11,14,15,27,58,500000
"2017-11-14 15:27:59",6070,100337,290,12.61,65,2.3465,-147,-25.0946,2,9,0.9,735.5,18.7,0.03910833,-0.4182434,11,14,15,27,59,0
"2017-11-14 15:27:59.5",6071,100338,290,12.61,65,2.3464,-147,-25.0951,2,9,0.9,734.6,18.7,0.03910667,-0.4182517,11,14,15,27,59,500000
"2017-11-14 15:28:00.25",6072,100339,290.1,12.6,65,2.3461,-147,-25.0948,2,9,0.9,734.6,18.7,0.03910167,-0.4182467,11,14,15,28,0,250000
"2017-11-14 15:28:01",6073,100340,290.1,12.6,65,2.3453,-147,-25.0946,2,9,0.9,734,18.7,0.03908833,-0.4182434,11,14,15,28,1,0
"2017-11-14 15:28:01.75",6074,100341,290.1,12.6,65,2.345,-147,-25.0952,2,9,0.9,733.6,18.7,0.03908334,-0.4182533,11,14,15,28,1,750000
"2017-11-14 15:28:02.5",6075,100342,290.1,12.6,65,2.3445,-147,-25.0959,2,9,0.9,733.7,18.7,0.039075,-0.418265,11,14,15,28,2,500000
"2017-11-14 15:28:03.25",6076,100343,290.1,12.6,65,2.3442,-147,-25.0963,2,9,0.9,733.7,18.7,0.03907,-0.4182717,11,14,15,28,3,250000
"2017-11-14 15:28:04",6077,100344,290.1,12.6,65,2.3441,-147,-25.0963,2,9,0.9,734.1,18.7,0.03906833,-0.4182717,11,14,15,28,4,0
"2017-11-14 15:28:04.75",6078,100345,290.1,12.6,65,2.3438,-147,-25.0963,2,9,0.9,734.1,18.7,0.03906334,-0.4182717,11,14,15,28,4,750000
"2017-11-14 15:28:05.5",6079,100346,290,12.6,65,2.3437,-147,-25.0971,2,9,0.9,734.8,18.7,0.03906166,-0.418285,11,14,15,28,5,500000
"2017-11-14 15:28:06.25",6080,100347,290.1,12.6,65,2.3435,-147,-25.0977,2,9,0.9,735,18.7,0.03905833,-0.418295,11,14,15,28,6,250000
"2017-11-14 15:28:07.25",6081,100348,290.1,12.6,65,2.3428,-147,-25.0978,2,9,0.9,734.5,18.7,0.03904666,-0.4182967,11,14,15,28,7.000,250000
"2017-11-14 15:28:08",6082,100349,290.1,12.6,65,2.343,-147,-25.0984,2,9,0.9,734.7,18.7,0.03905,-0.4183067,11,14,15,28,8,0
"2017-11-14 15:28:08.75",6083,100350,290.1,12.59,65,2.3424,-147,-25.0992,2,9,0.9,734.2,18.7,0.03904,-0.41832,11,14,15,28,8,750000
"2017-11-14 15:28:09.5",6084,100351,290.1,12.59,65,2.3422,-147,-25.0992,2,9,0.9,734.1,18.7,0.03903667,-0.41832,11,14,15,28,9,500000
"2017-11-14 15:28:10",6085,100352,290.1,12.59,65,2.3422,-147,-25.099,2,9,0.9,734.1,18.7,0.03903667,-0.4183167,11,14,15,28,10,0
"2017-11-14 15:28:10.75",6086,100353,290.1,12.59,65,2.3418,-147,-25.0991,2,9,0.9,734.1,18.7,0.03903,-0.4183183,11,14,15,28,10,750000
"2017-11-14 15:28:11.5",6087,100354,290,12.59,65,2.3412,-147,-25.0991,2,9,0.9,734.1,18.7,0.03902,-0.4183183,11,14,15,28,11,500000
"2017-11-14 15:28:12.25",6088,100355,290.1,12.59,65,2.341,-147,-25.0995,2,9,0.9,733.8,18.7,0.03901667,-0.418325,11,14,15,28,12,250000
"2017-11-14 15:28:12.75",6089,100356,290.1,12.59,65,2.3405,-147,-25.0991,2,9,0.9,734.5,18.7,0.03900834,-0.4183183,11,14,15,28,12,750000
"2017-11-14 15:28:13.5",6090,100357,290.1,12.59,65,2.3404,-147,-25.0992,2,9,0.9,734.4,18.7,0.03900666,-0.41832,11,14,15,28,13,500000
"2017-11-14 15:28:14",6091,100358,290.1,12.59,65,2.3397,-147,-25.0993,2,9,0.9,734.4,18.7,0.038995,-0.4183217,11,14,15,28,14,0
"2017-11-14 15:28:14.5",6092,100359,290.1,12.58,65,2.3394,-147,-25.0995,2,9,0.9,734.3,18.7,0.03899,-0.418325,11,14,15,28,14,500000
"2017-11-14 15:28:15.25",6093,100360,290,12.58,65,2.3391,-147,-25.0999,2,9,0.9,734.7,18.7,0.038985,-0.4183316,11,14,15,28,15,250000
"2017-11-14 15:28:16",6094,100361,290,12.58,65,2.3386,-147,-25.1004,2,9,0.9,735.1,18.7,0.03897666,-0.41834,11,14,15,28,16,0
"2017-11-14 15:28:16.75",6095,100362,290.1,12.58,65,2.3385,-147,-25.1005,2,9,0.9,735,18.7,0.038975,-0.4183417,11,14,15,28,16,750000
"2017-11-14 15:28:17.25",6096,100363,290,12.58,65,2.3379,-147,-25.1016,2,9,0.9,735.1,18.7,0.038965,-0.41836,11,14,15,28,17,250000
"2017-11-14 15:28:18",6097,100364,290,12.58,65,2.338,-147,-25.1014,2,9,0.9,735.1,18.7,0.03896667,-0.4183567,11,14,15,28,18,0
"2017-11-14 15:28:18.5",6098,100365,290,12.58,65,2.3377,-147,-25.1016,2,9,0.9,735.4,18.7,0.03896166,-0.41836,11,14,15,28,18,500000
"2017-11-14 15:28:19",6099,100366,290.1,12.57,65,2.3371,-147,-25.1016,2,9,0.9,734.8,18.7,0.03895167,-0.41836,11,14,15,28,19,0
"2017-11-14 15:28:19.5",6100,100367,290.1,12.57,65,2.3371,-147,-25.1027,2,9,0.9,735.2,18.7,0.03895167,-0.4183783,11,14,15,28,19,500000
"2017-11-14 15:28:20",6101,100368,290.1,12.57,65,2.3366,-147,-25.1028,2,9,0.9,735.5,18.7,0.03894334,-0.41838,11,14,15,28,20,0
"2017-11-14 15:28:20.5",6102,100369,290.1,12.57,65,2.3365,-147,-25.103,2,9,0.9,735.6,18.7,0.03894167,-0.4183833,11,14,15,28,20,500000
"2017-11-14 15:28:21",6103,100370,290.1,12.57,65,2.3362,-147,-25.1029,2,9,0.9,735.7,18.7,0.03893667,-0.4183817,11,14,15,28,21,0
"2017-11-14 15:28:21.75",6104,100371,290.1,12.57,65,2.3358,-147,-25.1035,2,9,0.9,735.6,18.7,0.03893,-0.4183917,11,14,15,28,21,750000
"2017-11-14 15:28:22.5",6105,100372,290.1,12.57,65,2.3357,-147,-25.1022,2,9,0.9,735,18.7,0.03892833,-0.41837,11,14,15,28,22,500000
"2017-11-14 15:28:23",6106,100373,290.1,12.57,65,2.3348,-147,-25.1024,2,9,0.9,735.4,18.7,0.03891333,-0.4183733,11,14,15,28,23,0
"2017-11-14 15:28:23.5",6107,100374,290.1,12.57,65,2.3344,-147,-25.1026,2,9,0.9,735.9,18.7,0.03890667,-0.4183766,11,14,15,28,23,500000
"2017-11-14 15:28:24",6108,100375,290.1,12.57,65,2.3344,-147,-25.1026,2,9,0.9,737.1,18.7,0.03890667,-0.4183766,11,14,15,28,24,0
"2017-11-14 15:28:24.5",6109,100376,290.1,12.57,65,2.3341,-147,-25.1028,2,9,0.9,737.5,18.7,0.03890167,-0.41838,11,14,15,28,24,500000
"2017-11-14 15:28:25.25",6110,100377,290.1,12.57,65,2.3336,-147,-25.1033,2,9,0.9,737.2,18.7,0.03889334,-0.4183883,11,14,15,28,25,250000
"2017-11-14 15:28:26",6111,100378,290.1,12.57,65,2.3336,-147,-25.1031,2,9,0.9,737.7,18.7,0.03889334,-0.418385,11,14,15,28,26,0
"2017-11-14 15:28:26.75",6112,100379,290.1,12.56,65,2.3337,-147,-25.1032,2,9,0.9,737.7,18.7,0.038895,-0.4183867,11,14,15,28,26,750000
"2017-11-14 15:28:27.25",6113,100380,290.1,12.56,65,2.3335,-147,-25.1036,2,9,0.9,737.8,18.7,0.03889166,-0.4183933,11,14,15,28,27,250000
"2017-11-14 15:28:28",6114,100381,290.1,12.56,65,2.3336,-147,-25.1035,2,9,0.9,738.2,18.7,0.03889334,-0.4183917,11,14,15,28,28,0
"2017-11-14 15:28:28.5",6115,100382,290.1,12.56,65,2.3328,-147,-25.1042,2,9,0.9,738,18.7,0.03888,-0.4184033,11,14,15,28,28,500000
"2017-11-14 15:28:29",6116,100383,290.1,12.56,65,2.3329,-147,-25.1036,2,9,0.9,738.4,18.7,0.03888167,-0.4183933,11,14,15,28,29,0
"2017-11-14 15:28:29.5",6117,100384,290.1,12.56,65,2.333,-147,-25.1023,2,9,0.9,738.9,18.7,0.03888333,-0.4183717,11,14,15,28,29,500000
"2017-11-14 15:28:30.25",6118,100385,290.1,12.56,65,2.3325,-147,-25.1029,2,9,0.9,738.3,18.7,0.038875,-0.4183817,11,14,15,28,30,250000
"2017-11-14 15:28:31",6119,100386,290.1,12.56,65,2.3316,-147,-25.102,2,9,0.9,738.1,18.7,0.03886,-0.4183666,11,14,15,28,31,0
"2017-11-14 15:28:31.75",6120,100387,290.1,12.56,65,2.3313,-147,-25.102,2,9,0.9,738.4,18.7,0.038855,-0.4183666,11,14,15,28,31,750000
"2017-11-14 15:28:32.5",6121,100388,290.1,12.56,65,2.3312,-147,-25.1017,2,9,0.9,739.3,18.7,0.03885333,-0.4183617,11,14,15,28,32,500000
"2017-11-14 15:28:33.25",6122,100389,290.1,12.56,65,2.331,-147,-25.1025,2,9,0.9,739,18.7,0.03885,-0.418375,11,14,15,28,33,250000
"2017-11-14 15:28:34",6123,100390,290.1,12.56,65,2.3305,-147,-25.1018,2,9,0.9,738.9,18.7,0.03884166,-0.4183634,11,14,15,28,34,0
"2017-11-14 15:28:34.75",6124,100391,290.1,12.55,65,2.3302,-147,-25.1017,2,9,0.9,739.2,18.7,0.03883666,-0.4183617,11,14,15,28,34,750000
"2017-11-14 15:28:35.5",6125,100392,290.1,12.55,65,2.3298,-147,-25.1015,2,9,0.9,739.7,18.7,0.03883,-0.4183583,11,14,15,28,35,500000
"2017-11-14 15:28:36.25",6126,100393,290.1,12.55,65,2.3292,-147,-25.1014,2,9,0.9,739.4,18.7,0.03882,-0.4183567,11,14,15,28,36,250000
"2017-11-14 15:28:37",6127,100394,290.1,12.55,65,2.3287,-147,-25.1018,2,9,0.9,740.1,18.7,0.03881167,-0.4183634,11,14,15,28,37,0
"2017-11-14 15:28:38",6128,100395,290.1,12.55,65,2.3285,-147,-25.1009,2,9,0.9,740,18.7,0.03880834,-0.4183484,11,14,15,28,38,0
"2017-11-14 15:28:38.75",6129,100396,290.1,12.55,65,2.3281,-147,-25.1018,2,9,0.9,740.1,18.7,0.03880167,-0.4183634,11,14,15,28,38,750000
"2017-11-14 15:28:39.5",6130,100397,290.1,12.55,65,2.328,-147,-25.102,2,9,0.9,740.3,18.7,0.0388,-0.4183666,11,14,15,28,39,500000
"2017-11-14 15:28:40.25",6131,100398,290.1,12.55,65,2.3276,-147,-25.1025,2,9,0.9,740.5,18.7,0.03879333,-0.418375,11,14,15,28,40,250000
"2017-11-14 15:28:41",6132,100399,290.1,12.55,65,2.3277,-147,-25.101,2,9,0.9,740.8,18.7,0.038795,-0.41835,11,14,15,28,41,0
"2017-11-14 15:28:41.75",6133,100400,290.1,12.55,65,2.3271,-147,-25.1012,2,9,0.9,741.2,18.7,0.038785,-0.4183534,11,14,15,28,41,750000
"2017-11-14 15:28:42.25",6134,100401,290.1,12.55,65,2.3266,-147,-25.1014,2,9,0.9,740.7,18.7,0.03877667,-0.4183567,11,14,15,28,42,250000
"2017-11-14 15:28:43",6135,100402,290.1,12.55,65,2.3265,-147,-25.1015,2,9,0.9,740.8,18.7,0.038775,-0.4183583,11,14,15,28,43,0
"2017-11-14 15:28:43.75",6136,100403,290.1,12.54,65,2.326,-147,-25.1018,2,9,0.9,741.3,18.7,0.03876667,-0.4183634,11,14,15,28,43,750000
"2017-11-14 15:28:44.25",6137,100404,290.1,12.54,65,2.3256,-147,-25.1014,2,9,0.9,741.2,18.7,0.03876,-0.4183567,11,14,15,28,44,250000
"2017-11-14 15:28:45",6138,100405,290.1,12.54,65,2.3255,-147,-25.1019,2,9,0.9,741,18.7,0.03875833,-0.418365,11,14,15,28,45,0
"2017-11-14 15:28:45.5",6139,100406,290.1,12.54,65,2.3255,-147,-25.1018,2,9,0.9,741.1,18.7,0.03875833,-0.4183634,11,14,15,28,45,500000
"2017-11-14 15:28:46.25",6140,100407,290.1,12.54,65,2.3251,-147,-25.1012,2,9,0.9,741,18.7,0.03875166,-0.4183534,11,14,15,28,46,250000
"2017-11-14 15:28:46.75",6141,100408,290.1,12.54,65,2.3252,-147,-25.1002,2,9,0.9,740.6,18.7,0.03875334,-0.4183367,11,14,15,28,46,750000
"2017-11-14 15:28:47.25",6142,100409,290.1,12.54,65,2.3249,-147,-25.1005,2,9,0.9,740.6,18.7,0.03874833,-0.4183417,11,14,15,28,47,250000
"2017-11-14 15:28:47.75",6143,100410,290.1,12.54,65,2.3246,-147,-25.1004,2,9,0.9,740.3,18.7,0.03874333,-0.41834,11,14,15,28,47,750000
"2017-11-14 15:28:48.5",6144,100411,290.1,12.54,65,2.3237,-147,-25.1009,2,9,0.9,740.6,18.7,0.03872834,-0.4183484,11,14,15,28,48,500000
"2017-11-14 15:28:49.25",6145,100412,290.1,12.54,65,2.3235,-147,-25.1007,2,9,0.9,740,18.7,0.038725,-0.418345,11,14,15,28,49,250000
"2017-11-14 15:28:50",6146,100413,290.1,12.54,65,2.323,-147,-25.1018,2,9,0.9,740.5,18.7,0.03871667,-0.4183634,11,14,15,28,50,0
"2017-11-14 15:28:50.75",6147,100414,290.1,12.54,65,2.3227,-147,-25.1012,2,9,0.9,740.7,18.7,0.03871167,-0.4183534,11,14,15,28,50,750000
"2017-11-14 15:28:51.25",6148,100415,290.1,12.54,65,2.3218,-147,-25.1021,2,9,0.9,740.2,18.7,0.03869666,-0.4183683,11,14,15,28,51,250000
"2017-11-14 15:28:51.75",6149,100416,290.1,12.54,65,2.3218,-147,-25.1027,2,9,0.9,740.5,18.7,0.03869666,-0.4183783,11,14,15,28,51,750000
"2017-11-14 15:28:52.25",6150,100417,290.1,12.54,65,2.3214,-147,-25.1024,2,9,0.9,740.9,18.7,0.03869,-0.4183733,11,14,15,28,52,250000
"2017-11-14 15:28:53",6151,100418,290.1,12.53,65,2.3209,-147,-25.1018,2,9,0.9,740.7,18.7,0.03868167,-0.4183634,11,14,15,28,53,0
"2017-11-14 15:28:53.75",6152,100419,290.1,12.53,65,2.3208,-147,-25.1016,2,9,0.9,740.4,18.7,0.03868,-0.41836,11,14,15,28,53,750000
"2017-11-14 15:28:54.25",6153,100420,290.1,12.53,65,2.3205,-147,-25.102,2,9,0.9,740.4,18.7,0.038675,-0.4183666,11,14,15,28,54,250000
"2017-11-14 15:28:54.75",6154,100421,290.1,12.53,65,2.32,-147,-25.1015,2,9,0.9,740.6,18.7,0.03866666,-0.4183583,11,14,15,28,54,750000
"2017-11-14 15:28:55.5",6155,100422,290.1,12.53,65,2.3197,-147,-25.1019,2,9,0.9,740.9,18.7,0.03866167,-0.418365,11,14,15,28,55,500000
"2017-11-14 15:28:56.25",6156,100423,290.1,12.53,65,2.3192,-147,-25.1016,2,9,0.9,741.4,18.7,0.03865333,-0.41836,11,14,15,28,56,250000
"2017-11-14 15:28:57",6157,100424,290.1,12.51,65,2.319,-147,-25.1019,2,9,0.9,741.2,18.7,0.03865,-0.418365,11,14,15,28,57,0
"2017-11-14 15:28:57.75",6158,100425,290.1,12.51,65,2.3188,-147,-25.1019,2,9,0.9,741.1,18.7,0.03864666,-0.418365,11,14,15,28,57,750000
"2017-11-14 15:28:58.5",6159,100426,290.1,12.51,65,2.3189,-147,-25.102,2,10,0.8,740.8,18.7,0.03864833,-0.4183666,11,14,15,28,58,500000
"2017-11-14 15:28:59.25",6160,100427,290.1,12.51,65,2.3185,-147,-25.1016,2,10,0.8,740.7,18.7,0.03864167,-0.41836,11,14,15,28,59,250000
"2017-11-14 15:28:59.75",6161,100428,290.1,12.51,65,2.3184,-147,-25.1009,2,10,0.8,740.3,18.7,0.03864,-0.4183484,11,14,15,28,59,750000
"2017-11-14 15:29:00.25",6162,100429,290.1,12.51,65,2.3183,-147,-25.1006,2,10,0.8,739.5,18.7,0.03863834,-0.4183433,11,14,15,29,0,250000
"2017-11-14 15:29:01",6163,100430,290.1,12.5,65,2.318,-147,-25.1005,2,10,0.8,739.5,18.7,0.03863334,-0.4183417,11,14,15,29,1,0
"2017-11-14 15:29:01.75",6164,100431,290.1,12.5,65,2.3173,-147,-25.1005,2,10,0.8,739.5,18.7,0.03862167,-0.4183417,11,14,15,29,1,750000
"2017-11-14 15:29:02.25",6165,100432,290.1,12.5,65,2.3172,-147,-25.1005,2,10,0.8,739.2,18.7,0.03862,-0.4183417,11,14,15,29,2,250000
"2017-11-14 15:29:02.75",6166,100433,290.1,12.5,65,2.3166,-147,-25.1009,2,10,0.8,740,18.7,0.03861,-0.4183484,11,14,15,29,2,750000
"2017-11-14 15:29:03.25",6167,100434,290.1,12.5,65,2.316,-147,-25.1006,2,10,0.8,740.3,18.7,0.0386,-0.4183433,11,14,15,29,3,250000
"2017-11-14 15:29:04",6168,100435,290.1,12.5,65,2.3156,-147,-25.1007,2,10,0.8,740.7,18.7,0.03859333,-0.418345,11,14,15,29,4,0
"2017-11-14 15:29:04.75",6169,100436,290.1,12.5,65,2.315,-147,-25.1005,2,10,0.8,740.8,18.7,0.03858334,-0.4183417,11,14,15,29,4,750000
"2017-11-14 15:29:05.5",6170,100437,290.1,12.49,65,2.3151,-147,-25.1008,2,10,0.9,740.8,18.7,0.038585,-0.4183467,11,14,15,29,5,500000
"2017-11-14 15:29:06.25",6171,100438,290.1,12.49,65,2.3152,-147,-25.1004,2,10,0.9,741.1,18.7,0.03858667,-0.41834,11,14,15,29,6,250000
"2017-11-14 15:29:07",6172,100439,290.1,12.49,65,2.3152,-147,-25.0999,2,10,0.8,742,18.7,0.03858667,-0.4183316,11,14,15,29,7.000,0
"2017-11-14 15:29:07.5",6173,100440,290.1,12.49,65,2.3151,-147,-25.0994,2,10,0.8,742.3,18.7,0.038585,-0.4183233,11,14,15,29,7.000,500000
"2017-11-14 15:29:08.25",6174,100441,290.1,12.49,65,2.3142,-147,-25.0997,2,10,0.8,742.7,18.7,0.03857,-0.4183284,11,14,15,29,8,250000
"2017-11-14 15:29:09",6175,100442,290.1,12.49,65,2.3142,-147,-25.0983,2,10,0.8,743.3,18.7,0.03857,-0.418305,11,14,15,29,9,0
"2017-11-14 15:29:09.75",6176,100443,290.1,12.49,65,2.3138,-147,-25.0991,2,10,0.8,743.7,18.7,0.03856333,-0.4183183,11,14,15,29,9,750000
"2017-11-14 15:29:10.25",6177,100444,290.1,12.49,65,2.3133,-147,-25.0985,2,10,0.8,743.6,18.7,0.038555,-0.4183083,11,14,15,29,10,250000
"2017-11-14 15:29:11",6178,100445,290.1,12.49,65,2.3125,-147,-25.0986,2,10,0.8,743.4,18.7,0.03854167,-0.41831,11,14,15,29,11,0
"2017-11-14 15:29:11.5",6179,100446,290.1,12.49,65,2.3121,-147,-25.0979,2,10,0.8,743.4,18.7,0.038535,-0.4182983,11,14,15,29,11,500000
"2017-11-14 15:29:12.25",6180,100447,290.1,12.49,65,2.3113,-147,-25.0982,2,10,0.8,743.7,18.7,0.03852167,-0.4183034,11,14,15,29,12,250000
"2017-11-14 15:29:13",6181,100448,290.1,12.49,65,2.3111,-147,-25.0981,2,10,0.8,743.5,18.7,0.03851833,-0.4183017,11,14,15,29,13,0
"2017-11-14 15:29:13.75",6182,100449,290.1,12.49,65,2.3106,-147,-25.0983,2,10,0.8,743.7,18.7,0.03851,-0.418305,11,14,15,29,13,750000
"2017-11-14 15:29:14.25",6183,100450,290.1,12.48,65,2.3107,-147,-25.0986,2,10,0.8,744.4,18.7,0.03851167,-0.41831,11,14,15,29,14,250000
"2017-11-14 15:29:14.75",6184,100451,290.1,12.48,65,2.3103,-147,-25.0991,2,10,0.8,744.7,18.7,0.038505,-0.4183183,11,14,15,29,14,750000
"2017-11-14 15:29:15.25",6185,100452,290.1,12.48,65,2.3106,-147,-25.0983,2,10,0.8,744.9,18.7,0.03851,-0.418305,11,14,15,29,15,250000
"2017-11-14 15:29:16",6186,100453,290.1,12.48,65,2.3102,-147,-25.0985,2,10,0.9,744.9,18.7,0.03850333,-0.4183083,11,14,15,29,16,0
"2017-11-14 15:29:16.5",6187,100454,290.1,12.48,65,2.3099,-147,-25.098,2,10,0.8,744.8,18.7,0.03849834,-0.4183,11,14,15,29,16,500000
"2017-11-14 15:29:17.25",6188,100455,290.1,12.48,65,2.3094,-147,-25.097,2,10,0.8,745.1,18.7,0.03849,-0.4182834,11,14,15,29,17,250000
"2017-11-14 15:29:18",6189,100456,290,12.48,65,2.309,-147,-25.0963,2,10,0.8,745,18.7,0.03848333,-0.4182717,11,14,15,29,18,0
"2017-11-14 15:29:18.5",6190,100457,290.1,12.48,65,2.309,-147,-25.0964,2,10,0.8,745.1,18.7,0.03848333,-0.4182733,11,14,15,29,18,500000
"2017-11-14 15:29:19.25",6191,100458,290.1,12.48,65,2.3086,-147,-25.0961,2,10,0.8,744.7,18.7,0.03847666,-0.4182683,11,14,15,29,19,250000
"2017-11-14 15:29:20",6192,100459,290.1,12.48,65,2.3084,-147,-25.0966,2,10,0.8,745.7,18.7,0.03847333,-0.4182767,11,14,15,29,20,0
"2017-11-14 15:29:20.5",6193,100460,290.1,12.48,65,2.3081,-147,-25.0966,2,10,0.8,745.4,18.7,0.03846834,-0.4182767,11,14,15,29,20,500000
"2017-11-14 15:29:21.25",6194,100461,290.1,12.48,65,2.3077,-147,-25.0971,2,10,0.8,744.7,18.7,0.03846167,-0.418285,11,14,15,29,21,250000
"2017-11-14 15:29:22",6195,100462,290.1,12.48,65,2.3071,-147,-25.0973,2,10,0.8,743.7,18.7,0.03845167,-0.4182883,11,14,15,29,22,0
"2017-11-14 15:29:22.5",6196,100463,290.1,12.48,65,2.3067,-147,-25.0977,2,10,0.8,744,18.7,0.038445,-0.418295,11,14,15,29,22,500000
"2017-11-14 15:29:23.25",6197,100464,290.1,12.48,65,2.306,-147,-25.0976,2,10,0.8,744.2,18.7,0.03843333,-0.4182934,11,14,15,29,23,250000
"2017-11-14 15:29:23.75",6198,100465,290.1,12.47,65,2.3059,-147,-25.0974,2,10,0.8,744.4,18.7,0.03843167,-0.41829,11,14,15,29,23,750000
"2017-11-14 15:29:24.25",6199,100466,290.1,12.47,65,2.3057,-147,-25.0975,2,10,0.8,744.6,18.7,0.03842833,-0.4182916,11,14,15,29,24,250000
"2017-11-14 15:29:24.5",6200,100467,290.1,12.47,65,2.3052,-147,-25.0976,2,10,0.8,744.8,18.7,0.03842,-0.4182934,11,14,15,29,24,500000
"2017-11-14 15:29:25.25",6201,100468,290.1,12.47,65,2.305,-147,-25.0979,2,10,0.8,745.1,18.7,0.03841667,-0.4182983,11,14,15,29,25,250000
"2017-11-14 15:29:26",6202,100469,290.1,12.47,65,2.3046,-147,-25.0977,2,10,0.8,746.2,18.7,0.03841,-0.418295,11,14,15,29,26,0
"2017-11-14 15:29:26.75",6203,100470,290.1,12.47,65,2.3042,-147,-25.0973,2,10,0.8,746.3,18.7,0.03840333,-0.4182883,11,14,15,29,26,750000
"2017-11-14 15:29:27.75",6204,100471,290.1,12.47,65,2.304,-147,-25.0971,2,10,0.9,747.3,18.7,0.0384,-0.418285,11,14,15,29,27,750000
"2017-11-14 15:29:28.5",6205,100472,290.1,12.46,65,2.3036,-147,-25.0964,2,10,0.8,747.2,18.7,0.03839333,-0.4182733,11,14,15,29,28,500000
"2017-11-14 15:29:29.25",6206,100473,290,12.46,65,2.3033,-147,-25.0967,2,10,0.8,747.5,18.7,0.03838833,-0.4182783,11,14,15,29,29,250000
"2017-11-14 15:29:30",6207,100474,290.1,12.46,65,2.3032,-147,-25.0975,2,10,0.8,747.6,18.7,0.03838666,-0.4182916,11,14,15,29,30,0
"2017-11-14 15:29:30.75",6208,100475,290.1,12.46,65,2.3026,-147,-25.0977,2,10,0.8,747.2,18.7,0.03837667,-0.418295,11,14,15,29,30,750000
"2017-11-14 15:29:31.5",6209,100476,290.1,12.46,65,2.3026,-147,-25.0974,2,10,0.8,747.3,18.7,0.03837667,-0.41829,11,14,15,29,31,500000
"2017-11-14 15:29:32.25",6210,100477,290.1,12.46,65,2.3025,-147,-25.0975,2,10,0.8,747.5,18.7,0.038375,-0.4182916,11,14,15,29,32,250000
"2017-11-14 15:29:33",6211,100478,290.1,12.46,65,2.3019,-147,-25.0964,2,10,0.8,747.5,18.7,0.038365,-0.4182733,11,14,15,29,33,0
"2017-11-14 15:29:33.5",6212,100479,290.1,12.46,65,2.3015,-147,-25.0964,2,10,0.8,747.7,18.7,0.03835834,-0.4182733,11,14,15,29,33,500000
"2017-11-14 15:29:34.25",6213,100480,290.1,12.46,65,2.3014,-147,-25.0962,2,10,0.8,747.9,18.7,0.03835666,-0.41827,11,14,15,29,34,250000
"2017-11-14 15:29:34.75",6214,100481,290.1,12.46,65,2.3007,-147,-25.0961,2,10,0.8,747.7,18.7,0.038345,-0.4182683,11,14,15,29,34,750000
"2017-11-14 15:29:35.25",6215,100482,290.1,12.46,65,2.3005,-147,-25.0965,2,10,0.8,747.9,18.7,0.03834166,-0.418275,11,14,15,29,35,250000
"2017-11-14 15:29:36",6216,100483,290.1,12.46,65,2.3,-147,-25.0963,2,10,0.8,748.2,18.7,0.03833334,-0.4182717,11,14,15,29,36,0
"2017-11-14 15:29:36.5",6217,100484,290.1,12.46,65,2.2998,-147,-25.0959,2,10,0.8,748.6,18.7,0.03833,-0.418265,11,14,15,29,36,500000
"2017-11-14 15:29:37.25",6218,100485,290.1,12.46,65,2.2994,-147,-25.0954,2,10,0.8,749.3,18.7,0.03832334,-0.4182567,11,14,15,29,37,250000
"2017-11-14 15:29:38",6219,100486,290.1,12.46,65,2.2992,-147,-25.0957,2,10,0.8,749.3,18.7,0.03832,-0.4182616,11,14,15,29,38,0
"2017-11-14 15:29:38.5",6220,100487,290.1,12.46,65,2.2989,-147,-25.0955,2,10,0.8,749.1,18.7,0.038315,-0.4182583,11,14,15,29,38,500000
"2017-11-14 15:29:39.25",6221,100488,290,12.45,65,2.2985,-147,-25.0955,2,10,0.8,749.2,18.7,0.03830833,-0.4182583,11,14,15,29,39,250000
"2017-11-14 15:29:40",6222,100489,290.1,12.45,65,2.2979,-147,-25.0955,2,10,0.8,749,18.7,0.03829833,-0.4182583,11,14,15,29,40,0
"2017-11-14 15:29:41",6223,100490,290.1,12.45,65,2.2977,-147,-25.0956,2,10,0.8,749.7,18.7,0.038295,-0.41826,11,14,15,29,41,0
"2017-11-14 15:29:41.5",6224,100491,290.1,12.45,65,2.2972,-147,-25.0952,2,10,0.8,750.3,18.7,0.03828667,-0.4182533,11,14,15,29,41,500000
"2017-11-14 15:29:42.25",6225,100492,290.1,12.45,65,2.2966,-147,-25.0951,2,10,0.8,750.3,18.7,0.03827667,-0.4182517,11,14,15,29,42,250000
"2017-11-14 15:29:42.75",6226,100493,290.1,12.45,65,2.2963,-147,-25.0956,2,10,0.8,750.5,18.7,0.03827166,-0.41826,11,14,15,29,42,750000
"2017-11-14 15:29:43.5",6227,100494,290.1,12.45,65,2.2961,-147,-25.0954,2,10,0.8,750.7,18.7,0.03826833,-0.4182567,11,14,15,29,43,500000
"2017-11-14 15:29:44.25",6228,100495,290.1,12.45,65,2.2955,-147,-25.0951,2,10,0.8,751.5,18.7,0.03825833,-0.4182517,11,14,15,29,44,250000
"2017-11-14 15:29:45",6229,100496,290.1,12.45,65,2.2952,-147,-25.0946,2,10,0.8,751.3,18.7,0.03825333,-0.4182434,11,14,15,29,45,0
"2017-11-14 15:29:45.75",6230,100497,290.1,12.45,65,2.2951,-147,-25.0937,2,10,0.8,751.3,18.7,0.03825166,-0.4182283,11,14,15,29,45,750000
"2017-11-14 15:29:46.5",6231,100498,290.1,12.45,65,2.2947,-147,-25.0922,2,10,0.8,751.4,18.7,0.038245,-0.4182033,11,14,15,29,46,500000
"2017-11-14 15:29:47",6232,100499,290.1,12.45,65,2.2946,-147,-25.0925,2,10,0.8,751.7,18.7,0.03824334,-0.4182083,11,14,15,29,47,0
"2017-11-14 15:29:47.75",6233,100500,290.1,12.45,65,2.2944,-147,-25.0923,2,10,0.8,752.2,18.7,0.03824,-0.418205,11,14,15,29,47,750000
"2017-11-14 15:29:48.5",6234,100501,290.1,12.45,65,2.2944,-147,-25.0906,2,10,0.8,751.7,18.7,0.03824,-0.4181766,11,14,15,29,48,500000
"2017-11-14 15:29:49.25",6235,100502,290.1,12.44,65,2.2943,-147,-25.0912,2,10,0.8,751.2,18.7,0.03823834,-0.4181867,11,14,15,29,49,250000
"2017-11-14 15:29:50",6236,100503,290.1,12.45,65,2.2942,-147,-25.0915,2,10,0.8,751.2,18.7,0.03823667,-0.4181916,11,14,15,29,50,0
"2017-11-14 15:29:50.75",6237,100504,290.1,12.44,65,2.2942,-147,-25.0908,2,10,0.8,751,18.7,0.03823667,-0.41818,11,14,15,29,50,750000
"2017-11-14 15:29:51.5",6238,100505,290.1,12.44,65,2.294,-147,-25.0906,2,10,0.8,751.4,18.7,0.03823333,-0.4181766,11,14,15,29,51,500000
"2017-11-14 15:29:52.25",6239,100506,290.1,12.44,65,2.2933,-147,-25.0903,2,10,0.8,750.6,18.7,0.03822166,-0.4181717,11,14,15,29,52,250000
"2017-11-14 15:29:53",6240,100507,290.1,12.44,65,2.2931,-147,-25.0897,2,10,0.8,751.5,18.7,0.03821834,-0.4181617,11,14,15,29,53,0
"2017-11-14 15:29:53.5",6241,100508,290.1,12.44,65,2.2927,-147,-25.089,2,10,0.8,751.5,18.7,0.03821167,-0.41815,11,14,15,29,53,500000
"2017-11-14 15:29:54.25",6242,100509,290.1,12.44,65,2.2921,-147,-25.0887,2,10,0.8,751.1,18.7,0.03820167,-0.418145,11,14,15,29,54,250000
"2017-11-14 15:29:55",6243,100510,290.1,12.44,65,2.2922,-147,-25.0883,2,10,0.8,751.9,18.7,0.03820334,-0.4181384,11,14,15,29,55,0
"2017-11-14 15:29:55.5",6244,100511,290.1,12.44,65,2.2917,-147,-25.0889,2,10,0.8,752.1,18.7,0.038195,-0.4181483,11,14,15,29,55,500000
"2017-11-14 15:29:56.25",6245,100512,290.1,12.44,65,2.2918,-147,-25.0886,2,10,0.8,752.7,18.7,0.03819667,-0.4181433,11,14,15,29,56,250000
"2017-11-14 15:29:57",6246,100513,290.1,12.44,65,2.2911,-147,-25.0881,2,10,0.8,753.1,18.7,0.038185,-0.418135,11,14,15,29,57,0
"2017-11-14 15:29:57.75",6247,100514,290.1,12.44,65,2.291,-147,-25.0866,2,10,0.8,753.2,18.7,0.03818333,-0.41811,11,14,15,29,57,750000
"2017-11-14 15:29:58.5",6248,100515,290.1,12.44,65,2.2903,-147,-25.0863,2,10,0.8,753,18.7,0.03817166,-0.418105,11,14,15,29,58,500000
"2017-11-14 15:29:59.25",6249,100516,290.1,12.44,65,2.2901,-147,-25.0855,2,10,0.8,753.1,18.7,0.03816833,-0.4180917,11,14,15,29,59,250000
"2017-11-14 15:30:00",6250,100517,290.1,12.43,65,2.2899,-147,-25.0854,2,10,0.8,752.1,18.7,0.038165,-0.41809,11,14,15,30,0,0
"2017-11-14 15:30:00.75",6251,100518,290.1,12.43,65,2.29,-147,-25.0855,2,10,0.8,752.5,18.7,0.03816666,-0.4180917,11,14,15,30,0,750000
"2017-11-14 15:30:01.5",6252,100519,290.1,12.43,65,2.2896,-147,-25.0846,2,10,0.8,752.5,18.7,0.03816,-0.4180767,11,14,15,30,1,500000
"2017-11-14 15:30:02.25",6253,100520,290.1,12.43,65,2.2891,-147,-25.0846,2,10,0.8,753.3,18.7,0.03815167,-0.4180767,11,14,15,30,2,250000
"2017-11-14 15:30:03.25",6254,100521,290.1,12.43,65,2.2882,-147,-25.0849,2,10,0.8,753.3,18.7,0.03813666,-0.4180817,11,14,15,30,3,250000
"2017-11-14 15:30:03.75",6255,100522,290.1,12.43,65,2.2884,-147,-25.0846,2,10,0.8,752.7,18.7,0.03814,-0.4180767,11,14,15,30,3,750000
"2017-11-14 15:30:04.5",6256,100523,290.2,12.43,65,2.288,-147,-25.0842,2,10,0.8,752.4,18.7,0.03813334,-0.41807,11,14,15,30,4,500000
"2017-11-14 15:30:05.25",6257,100524,290.1,12.43,65,2.2879,-147,-25.0835,2,10,0.8,752.8,18.7,0.03813166,-0.4180583,11,14,15,30,5,250000
"2017-11-14 15:30:06",6258,100525,290.2,12.43,65,2.2875,-147,-25.0832,2,10,0.8,753,18.7,0.038125,-0.4180533,11,14,15,30,6,0
"2017-11-14 15:30:06.75",6259,100526,290.1,12.43,65,2.2872,-147,-25.0824,2,10,0.8,753,18.7,0.03812,-0.41804,11,14,15,30,6,750000
"2017-11-14 15:30:07.25",6260,100527,290.1,12.43,65,2.2866,-147,-25.082,2,10,0.8,753.2,18.7,0.03811,-0.4180333,11,14,15,30,7.000,250000
"2017-11-14 15:30:08",6261,100528,290.1,12.43,65,2.286,-147,-25.083,2,10,0.8,753.2,18.7,0.0381,-0.41805,11,14,15,30,8,0
"2017-11-14 15:30:08.5",6262,100529,290.2,12.43,65,2.2851,-147,-25.084,2,10,0.8,753.1,18.7,0.038085,-0.4180666,11,14,15,30,8,500000
"2017-11-14 15:30:09",6263,100530,290.1,12.43,65,2.2844,-147,-25.0843,2,10,0.8,753.1,18.7,0.03807334,-0.4180716,11,14,15,30,9,0
"2017-11-14 15:30:09.75",6264,100531,290.1,12.43,65,2.2833,-147,-25.0855,2,10,0.8,753.4,18.7,0.038055,-0.4180917,11,14,15,30,9,750000
